5.944551056603231
0.0
0.0
8.888041997076328
0.0
0.0
0.0
0.0
0.0
5.499282514648996
0.0
0.0
0.0
2.2284965346101018
0.0
0.0
0.0
0.0
0.0
0.0
0.0
0.0
0.0
0.0
1.8507691180350605
0.0
0.0
0.0
8.461174121146158
0.0
0.0
0.0
0.0
4.700027498952451
0.0
0.0
0.0
0.0
0.0
0.0
0.0
0.0
0.0
0.0
7.253666504557955
0.0
0.0
0.0
0.0
0.0
0.0
0.0
0.0
0.0
0.0
0.0
0.0
0.0
0.0
0.0
0.0
0.0
0.0
0.0
0.0
0.0
0.0
0.0
0.0
0.0
0.0
0.0
0.9055519943198505
0.0
0.0
0.0
0.0
0.0
5.083831546586751
5.16014535095772
0.0
0.0
0.0
0.0
0.0
0.0
0.0
0.018744227242237343
5.8463441372118155
0.0
0.0
2.2846611617761567
0.0
0.0
0.0
0.0
0.0
0.0
0.0
0.0
0.0
0.0
3.2743532222773695
0.0
0.0
8.339835511818904
0.0
0.0
0.0
18.83530402845298
0.3526022355791696
0.0
0.0
0.0
0.0
0.0
0.0
0.0
0.0
14.220991269491776
0.0
0.0
0.0
0.0
0.0
0.0
0.0
0.8094919928409894
0.0
0.0
0.0
0.0
0.0
5.16002828242145
0.0
0.0
2.3394138184791444
0.4695594694874785
0.0
8.087644405475913
0.0
0.0
0.0
0.0
0.0
0.0
0.0
0.0
0.0
0.0
0.0
0.0
10.638182354851011
0.0
0.0
0.8435813191359216
0.0
0.0
0.0
0.0
0.0
0.0
0.0
0.0
7.247265874931571
0.0
0.0
2.5983149770253533
0.0
0.0
0.0
0.0
0.0
0.0
10.952588676642094
0.0
0.0
0.0
0.0
0.0
0.0
0.0
4.566882618305598
0.0
0.0
0.0
0.0
2.9747578367626204
0.0
0.0
0.0
0.0
0.0
0.0
0.0
2.9989503834370197
0.0
0.0
0.0
0.745289356550316
0.5623009269560413
0.0
0.0
0.0
0.260139710650634
6.455661837403824
0.0
0.0
0.0
0.0
0.0
5.677139076119474
0.0
16.8191618378834
5.403575341013024
0.0
3.4218667211462304
0.0
0.0
0.0
0.0
0.0
0.0
0.0
0.0
0.0
0.0
0.0
0.0
0.0
4.772622089567832
2.222418828938217
0.0
0.0
0.0
0.0
1.4149914195596835
0.0
0.0
0.0
5.3828045241027525
7.957076596806004
0.0
0.0
0.0
0.0
0.0
0.0
0.0
0.0
0.0
0.0
10.596245408607373
0.0
0.0
0.0
0.0
0.0
0.0
0.0
0.0
0.0
1.619873308403882
1.1039960841502818
0.0
0.0
0.0
0.0
4.3810480373230405
0.0
0.0
3.7789622012645907
0.0
0.0
0.0
0.0
0.0
0.0
0.0
22.5608317550232
0.0
0.0
0.8179956587632518
0.0
0.0
0.0
0.0
0.0
0.0
0.0
0.0
0.0
0.0
0.0
0.0
0.0
2.414613736335326
0.0
0.0
6.324743885091593
0.0
0.0
6.363405074484987
0.0
0.0
0.0
0.0
7.212390192066863
0.0
0.0
0.0
0.0
0.0
0.0
0.0
0.0
0.8163770552120866
0.0
0.0
0.0
0.0
2.943625085093629
0.0
0.0
0.0
0.0
0.0
0.0
2.0264398560583032
0.0
0.0
0.0
0.0
0.0
1.8512957742250933
0.0
0.0
0.0
0.0
0.0
0.0
0.0
0.0
10.024523262952897
0.0
0.0
0.0
0.0
0.0
0.0
0.0
0.0
0.0
0.0
0.0
0.0
0.0
3.9303372097445504
0.0
0.0
0.0
0.0
0.0
8.266416633222349
0.0
0.0
0.0
0.0
0.0
0.0
0.0
0.0
0.0
0.0
0.0
0.0
0.0
0.0
0.0
0.0
4.856905877536434
12.256758033247351
0.0
0.0
0.0
0.0
7.08590561461186
0.0
0.0
0.0
0.0
0.0
0.0
16.556673516074028
0.0
17.047147162279487
0.0
0.0
8.064113882069861
0.0
9.524341922479195
0.0
1.3025124456746227
0.0
0.0
0.0
0.0
0.0
0.0
0.0
1.5610879586063646
0.0
1.0508454116300214
0.0
2.406840181220346
0.0
0.0
0.0
0.0
0.0
0.0
0.0
0.0
0.0
0.0
6.917197324026759
0.0
0.0
0.0
0.0
0.0
0.0
0.0
4.008968787907278
0.0
0.0
0.0
3.4480050094422694
0.0
0.0
0.0
0.0
0.0
0.0
0.0
1.5514826943552862
0.0
3.7905500472935216
0.0
5.439447563597241
0.0
0.0
0.0
0.0
2.463424179084484
0.0
0.0
0.0
0.0
0.19388959442275677
0.0
0.0
11.003376858264772
0.0
3.4691969313657296
0.0
0.0
0.0
0.0
0.0
0.0
0.0
0.0
5.285857488435113
0.0
0.0
0.0
0.0
0.0
0.0
11.08357101940662
0.0
0.0
2.182821057003821
0.42143365119936504
0.0
5.367163536992763
0.0
0.0
0.0
0.0
1.2789471791795393
0.0
0.0
0.8069341017946385
0.503119406670038
0.0
0.0
0.0
0.8904339467938343
0.0
0.5981774063840106
0.0
0.0
0.0
0.0
1.3810277675494262
0.0
0.0
0.0
18.57862917013452
0.0
0.0
0.0
0.0
0.0
0.0
2.9245168439385623
6.434005600787316
0.0
0.0
0.0
0.0
8.582472628555777
0.0
0.0
15.001011106213426
0.0
5.852535224873975
0.0
0.0
8.675145297543537
0.0
0.0
0.0
0.0
0.0
0.0
0.0
0.0
0.0
0.0
0.0
0.0
0.0
0.0
0.0
0.0
0.0
0.0
0.0
0.0
0.0
0.0
0.0
0.0
0.0
0.0
0.0
0.0
0.0
0.0
0.0
0.0
0.0
0.0
0.0
0.0
0.12972604252652786
0.610977930043731
2.203403692899741
0.0
0.0
0.0
0.0
0.0
0.0
0.0
0.0
0.0
0.0
0.0
4.095954312220698
0.0
0.0
0.0
0.0
0.7385512228985078
0.0
0.0
0.0
0.0
0.5920685692926924
14.99323573802613
0.0
0.0
0.0
0.0
0.0
0.0
3.590397495925515
0.0
0.0
0.0
1.4258025853316667
0.0
0.0
0.0
0.0
0.0
0.0
0.0
0.0
3.3262427005517026
0.0
0.0
0.0
0.0
1.7025476104634265
0.4789862303621675
0.0
0.0
0.0
0.0
0.0
4.0519452066513395
0.0
0.0
3.5947234653783653
0.0
0.0
0.0
5.5254185795854625
0.0
0.0
0.0
0.0
0.0
0.0
4.156587106735245
0.0
0.0
0.0
0.0
0.0
0.0
0.0
0.0
0.0
0.0
0.0
0.0
0.0
0.0
0.0
5.851409934488245
0.0
0.0
0.0
5.928371974208616
0.0
1.6021411701725157
0.0
2.0889128623850297
0.0
0.0
0.0
0.0
3.069783295887362
0.0
0.0
0.0
0.0
0.0
0.0
0.0
0.0
0.0
0.0
0.7189601055939505
0.0
0.0
0.0
0.0
0.0
0.0
0.0
0.0
0.0
0.0
6.742458858481271
0.0
0.0
0.0
5.395942207514565
0.0
0.0
0.0
0.0
1.1442909483991173
0.0
2.091744803379939
0.0
0.0
0.0
0.0
0.0
0.0
0.0
0.0
0.0
0.0
0.0
0.0
0.0
0.0
0.0
0.0
0.0
0.0
0.0
0.0
0.0
0.0
0.0
0.0
0.0
12.839603064633636
0.0
0.0
3.2473613629139635
0.0
0.0
0.0
0.0
2.782093236498909
3.0612570804440082
0.0
0.0
0.0
0.0
0.0
39.785354059483495
3.3428928852145674
0.0
0.0
2.6047207455686134
0.0
0.19678043480146812
0.0
0.0
0.0
0.0
0.0
9.249348946340149
0.0
0.0
0.0
0.0
0.0
30.481098718819624
0.2726297045229842
0.0
0.0
0.0
0.0
0.0
0.0
0.0
0.0
0.0
0.0
0.0
0.0
0.0
0.0
8.89805660961072
0.0
0.0
0.0
6.696796455339069
0.0
0.0
0.0
0.0
0.0
0.6031034709835552
0.0
4.831468662382747
1.4183525157958172
4.332607665950405
0.0
0.0
0.0
0.0
15.108775584685816
0.0
0.0
0.0
1.7344920309981404
0.0
0.0
0.0
5.019447604578147
0.0
0.0
0.0
5.252197485618993
0.0
0.0
0.0
0.0
0.0
0.0
0.0
0.0
0.0
0.0
4.359314445695432
0.0
0.0
0.0
0.0
0.0
0.0
0.0
0.0
0.0
0.0
0.0
0.0
14.981853491427856
0.0
0.0
0.0
0.0
0.0
0.0
0.0
0.0
0.0
0.0
1.0467027868659358
0.0
0.0
5.0200921863621915
0.0
0.0
0.0
1.7757061996220784
0.0
0.0
15.52480064096919
0.0
0.0
0.0
0.0
0.0
0.0
0.0
0.0
0.0
0.0
0.0
2.037099682608286
0.0
0.0
0.0
0.0
0.0
0.0
4.910941132727814
0.24988750237041302
0.0
10.920433514890092
18.026418980308534
0.0
0.0
0.0
0.0
0.0
0.0
7.296575482998563
0.0
0.0
0.0
0.0
8.174672519192924
0.0
0.0
0.0
0.0
0.0
0.0
0.0
0.0
1.1304440220490761
0.0
0.8835842913939729
0.0
0.0
0.0
0.0
0.0
0.0
0.0
0.0
0.0
0.0
0.0
0.0
0.0
0.0
4.0144853282418325
0.0
0.0
0.0
0.0
4.454452089616154
0.0
0.0
0.0
0.0
0.0
0.0
0.0
0.0
0.0
0.0
0.0
0.0
0.0
0.0
0.0
9.379880773882732
0.0
0.0
0.0
0.0
0.0
0.0
0.0
3.8138421991584295
0.0
0.0
11.691078359902235
0.0
0.0
0.0
0.0
0.0
0.0
0.0
0.0
0.0
0.0
0.0
0.0
0.0
0.0
0.0
0.0
0.0
0.0
0.0
0.0
0.0
0.0
0.0
0.0
0.0
0.0
0.0
0.0
0.0
0.0
0.0
0.0
0.0
0.0
0.0
0.0
0.0
0.0
0.0
0.0
0.0
0.0
0.0
0.0
0.0
0.0
6.514608929147045
0.0
0.0
0.0
0.0689649618784216
0.0
0.0
0.0
0.0
5.335211966074709
0.6592581621717528
0.0
5.171154044578699
0.0
0.0
0.0
2.742741085276677
0.0
0.0
0.0
0.0
0.0
3.1581266582736447
0.0
0.0
0.0
0.0
0.022924963882843485
0.0
0.0
17.672147662024685
0.0
0.7776256441293157
0.0
0.0
0.0
0.0
0.0
0.0
5.878623946942554
0.0
0.0
0.0
0.0
0.0
3.8017315387684647
0.0
0.0
0.0
0.0
0.7558261505088382
0.0
3.188663850523554
1.9298357813240443
0.0
0.0
0.0
0.0
0.0
0.0
0.0
0.0
0.0
0.0
0.0
0.0
0.0
0.0
0.0
0.03713446212151439
0.0
0.09744106389896956
0.0
0.0
0.0
4.577694849133451
2.6376447895058135
0.0
0.0
0.0
0.0
0.0
0.0
0.0
0.0
14.507624177344766
0.0
0.0
0.0
0.0
0.0
0.0
1.91034787141038
0.0
0.0
0.0
0.9267299566882059
0.0
0.0
0.0
0.0
0.0
0.0
0.0
0.0
0.0
0.7090353155622751
7.955371708773654
3.562300192150005
0.0
0.0
7.960621169320078
0.0
0.0
0.21042435352978828
0.0
0.0
0.0
0.0
0.0
0.0
0.0
0.0
0.0
0.0
0.0
0.0
0.0
2.721291923669625
4.859581773658576
0.0
0.0
0.0
0.0
0.0
4.019854228723361
0.0
0.0
0.0
2.7010819349885082
0.0
0.0
0.0
0.0
0.0
2.887438639490668
0.0
0.0
0.0
0.0
0.0
0.0
0.0
0.0
3.1883662697645434
0.04187190663087392
0.0
0.0
0.0
10.956786897977253
0.0
30.76670862973654
0.0
5.607925688042059
0.0
0.0
0.0
0.0
0.0
0.0
0.0
0.0
0.0
0.0
0.0
0.0
0.0
0.0
0.0
0.0
0.0
0.0
0.0
0.13772729774892412
0.0
0.0
0.0
0.0
0.0
0.0
0.22753780405982127
1.6521483541780668
0.0
11.16544316162522
0.0
0.0
0.0
0.0
0.0
1.5885789533968762
2.544932748537093
0.0
8.926889686681065
0.0
0.0
0.0
0.0
0.0
0.0
0.0
0.0
9.417023438294066
0.0
4.478464256467092
0.0
0.0
0.0
0.0
20.19883837645321
3.286602270947526
0.0
0.0
0.0
0.0
0.0
0.0
0.0
0.0
0.0
0.0
0.0
0.0
0.0
0.0
3.679071666781496
0.0
0.0
0.0
0.0
0.0
0.0
6.555666680542046
0.0
0.0
0.0
0.0
0.0
0.0
0.0
1.2984691284626706
3.2053222784836635
0.0
0.0
0.0
0.0
0.0
0.0
0.0
0.0
0.0
0.0
0.0
0.0
0.0
0.0
0.0
0.0
0.0
0.0
0.0
0.0
0.0
12.262505419740691
0.0
0.0
0.0
3.1617050543481895
0.0
0.0
0.0
11.127928311349521
0.0
0.0
0.0
0.0
0.0
0.0
0.0
3.146193773699366
14.42177672065219
0.0
3.538389587807089
0.0
0.0
0.0
0.0
0.0
0.0
0.0
0.0
0.0
0.0
0.0
9.451664723449738
0.0
0.0
0.0
0.0
0.0
0.0
0.0
0.0
6.638703813006117
0.0
13.134050911610004
0.0
0.0
2.4640789300075596
11.007490686969419
0.0
0.0
2.042197343759213
0.0
1.168891929271112
0.0
0.0
0.0
8.74719928104578
10.883304041744552
0.0
1.725568373418696
0.0
0.0
1.566877070452918
0.7632441076128771
0.0
0.0
0.0
0.0
0.0
0.0
0.0
0.0
0.0
0.0
0.0
0.0
0.0
0.0
0.0
21.97376320468223
0.0
0.6867965925205084
0.0
0.0
0.0
0.0
0.0
0.0
0.0
0.0
0.0
0.0
0.0
4.22199767325715
0.0
0.0
0.0
0.0
0.5881027425647574
0.0
0.0
0.0
7.001463486686902
0.0
0.0
0.0
0.0
0.0
2.4190837720145737
0.0
0.0
0.0
0.3224946715168642
0.0
0.0
0.0
0.0
0.0
0.0
4.144259678197329
0.0
0.0
0.0
0.0
0.0
0.0
0.0
0.0
0.0
4.638753939513705
0.0
0.0
0.0
0.0
1.4593100940401769
0.0
0.07033033918051501
0.0
4.577737559997942
2.2880757439678376
10.235107677197888
7.809643062831768
0.0
19.67332265706986
0.0
0.0
0.0
0.0
0.0
0.0
0.0
0.0
6.894597571849346
2.0199440445968264
0.0
11.774284161880189
0.0
5.7456657223818155
0.0
0.0
0.0
0.0
0.0
0.0
8.46508645701688
0.30689916091074565
0.0
0.0
0.0
0.0
5.281631348801781
0.0
0.0
0.0
0.0
0.0
0.0
0.0
0.0
8.141344754096764
0.0
7.214625340198282
0.0
0.0
0.0
2.535253600701324
0.0
0.0
0.0
13.718324481014477
0.0
7.609582732733614
0.0
0.0
0.0
9.581561525197245
0.0
0.0
0.0
0.0
0.0
0.0
0.0
0.0
0.0
0.0
0.0
0.051386254494829586
0.0
0.0
0.0
0.0
0.0
0.0
0.0
0.0
0.0
0.0
0.0
3.3846224865905157
0.0
0.0
0.0
0.0
0.0
0.0
0.0
0.0
0.0
0.0
0.0
0.0
1.105393542872477
0.0
0.0
7.390871457914642
0.5057581072183694
0.0
0.0
0.0
0.0
0.0
0.0
0.0
0.5316564223136169
0.0
0.0
8.603849632903945
0.0
0.0
2.3243437990235094
0.0
0.5238845393658806
0.0
2.6526336600061313
0.0
0.0
0.0
4.0937547630555855
0.0
0.0
0.0
0.0
0.0
0.0
0.0
0.0
0.0
0.0
0.0
8.392883880427462
0.0
0.0
0.0
8.11770878183387
0.0
0.0
0.0
0.0
16.852405726330105
0.0
0.0
2.669417096208562
0.0
0.0
0.0
0.0
16.793319163769155
0.0
1.038416783586328
0.0
0.0
1.273600217176849
7.110349545114332
0.0
0.0
0.7089611895703172
0.0
6.099924555990455
0.0
0.0
5.495634468508001
0.0
4.518786602183795
0.0
0.0
3.3688444219272355
6.901073276987489
0.0
0.0
0.0
0.0
0.0
0.0
0.0
0.0
0.0
0.0
0.0
0.0
0.0
0.0
0.0
0.0
0.0
0.0
0.0
0.0
0.0
0.0
12.049946773227347
0.0
0.0
0.0
0.0
3.4781813013718477
0.0
0.0
0.0
0.0
0.0
0.0
0.0
0.0
0.0
0.0
0.0
0.0
0.0
4.397519044322991
0.0
0.0
0.0
0.0
0.0
0.0
0.0
0.3029391245368487
0.0
2.4059990285340973
0.0
1.9043501640735485
0.0
0.0
0.0
0.0
0.0
0.0
1.4438493655542857
0.0
0.0
0.0
1.3885215211347912
0.0
0.0
0.0
0.0
0.0
0.0
0.0
0.0
0.0
0.0
0.0
0.0
2.633057534952286
0.0
0.0
0.0
0.0
0.0
0.0
0.0
0.0
0.0
0.0
0.0
0.0
0.0
0.0
0.0
0.0
0.0
0.0
1.5882368923698635
0.0
0.0
0.0
0.0
0.0
0.0
0.0
0.0
0.0
0.0
2.7596659045553764
0.0
1.0563308654995183
0.0
0.0
0.0
0.0
0.0
0.0
0.0
0.0
0.0
0.0
0.0
0.0
0.0
0.0
0.0
0.0
0.0
0.0
0.0
0.0
0.0
0.0
0.0
0.0
3.0177132031913487
0.0
0.0
0.0
0.0
0.0
0.0
0.0
3.0386567345352944
0.0
0.0
0.0
0.0
0.0
3.4637089425085748
1.306905969222484
0.0
0.465108384479052
0.0
0.0
5.145024981540601
0.0
0.0
0.0
0.0
0.0
0.0
0.0
0.0
0.0
0.0
2.922495561729974
0.32842038821233643
1.7476706541601743
0.0
0.0
0.0
0.0
0.579614135701064
0.0
12.679019242638063
1.724442240316293
0.0
0.0
0.0
0.0
0.0
0.0
0.0
0.0
0.0
0.0
0.0
0.0
5.240612305496214
0.0
0.0
0.0
0.0
0.0
0.0
0.0
0.0
0.0
0.0
10.79138619741164
9.214595868945054
0.0
11.764144337843675
4.9662078676352905
0.0
0.0
0.0
0.0
0.0
0.0
0.0
0.0
3.968217366270636
0.0
0.0
0.0
0.0
0.0
6.639416959185965
7.1127786963931925
0.0
0.0
2.134579179161207
0.0
0.0
16.821435538945252
7.421180874280097
0.0
0.0
0.0
0.0
0.0
0.0
0.0
0.0
0.0
0.0
2.124438780441409
8.482216047301492
0.0
0.0
0.0
4.359110293588017
6.8404573734686664
0.0
0.0
0.0
0.0
0.0
0.0
0.0
0.0
0.0
0.0
0.0
0.0
0.0
0.0
0.0
0.0
1.5236073666962398
0.0
0.0
0.0
0.0
5.070481248015341
0.0
2.2646615395112804
0.0
21.13107554076703
0.0
0.0
8.145749652269572
1.1461456179837626
0.0
11.303682077797319
0.0
0.0
0.0
0.0
0.0
0.0
0.0
0.0
0.0
1.9275543971367313
0.0
0.45431266478085774
0.0
0.0
0.0
0.0
0.0
2.6050360650553444
0.0
0.0
0.0
0.0
0.0
0.0
0.0
0.0
0.0
0.0
0.0
0.0
0.0
0.0
0.0
0.0
0.0
0.0
0.0
0.0
0.0
0.6145398112304861
0.0
0.0
0.0
0.0
0.0
0.0
0.0
0.0
0.0
0.0
0.5059928908578968
1.5217877068896541
0.0
0.0
0.0
0.0
2.673114699620257
0.0
0.0
0.0
0.0
0.0
0.0
5.041839450077461
0.0
16.03051370993721
0.0
0.0
11.756408164107427
0.0
0.0
5.841456227213058
0.0
0.0
0.0
2.9338343785288856
0.0
0.0
0.0
0.0
4.957639738468771
0.0
0.0
0.0
0.0
0.0
3.456832010477953
0.0
0.0
0.0
22.011130059161815
0.0
0.0
0.0
0.0
0.0
0.0
0.0
0.0
0.0
6.219168067273117
0.0
0.0
0.0
0.0
0.0
0.0
0.0
0.535305079944635
0.0
0.0
0.0
0.0
0.0
5.239886643902011
0.0
2.2215384383170402
0.0
0.0
0.0
0.0
0.0
0.0
0.0
4.3719297146448355
0.0
0.0
12.152513996989882
0.0
0.0
0.0
0.0
0.0
0.0
0.0
0.0
0.0
0.0
0.0
0.0
0.0
0.0
0.0
0.0
2.3713178170846163
0.0
0.0
0.0
0.0
0.0
0.0
7.3885046555014355
0.0
1.4207642946292651
0.0
0.0
0.0
0.0
6.9827310130156235
0.0
7.194181039432365
0.0
0.0
0.0
0.0
0.0
0.6901122136512186
0.0
0.0
4.528858892234268
0.0
25.854532770937595
0.0
0.0
0.0
0.0
0.0
0.0
0.0
0.0
0.0
0.0
0.0
5.222349154162174
0.0
0.0
10.264276388839264
0.0
0.0
2.1926134163192046
0.0
0.0
0.0
0.0
0.0
14.4222661950717
0.0
0.0
13.241706154951757
0.0
4.125581451234524
0.0
0.0
0.0
0.0
12.896389625283476
0.0
0.0
1.7441274484990572
0.0
0.0
0.0
7.556575629518662
0.7093576239215622
0.0
0.0
0.0
0.0
0.0
0.0
0.0
2.6632226452961874
0.0
0.203040376883024
0.5498473578884813
0.0
0.0
0.0
0.0
0.0
0.0
0.0
0.0
0.0
0.0
0.0
0.0
0.0
0.0
0.0
1.4313382627369293
0.0
0.0
0.0
0.0
0.0
0.0
0.0
11.162773318187035
10.91895614615072
0.0
0.0
0.0
0.0
9.257665687827412
0.0
0.0
7.002453569997641
0.0
0.0
0.0
0.0
0.0
0.0
0.0
0.0
0.0
0.0
0.0
0.0
0.18510215673497044
0.0
2.9897737909260798
0.0
0.0
0.0
0.9434713966818578
0.0
0.0
0.0
6.663832633636275
0.0
5.752009935036725
0.0
0.0
0.0
0.0
2.508630275562851
0.0
0.0
0.0
0.0
0.0
0.0
1.1270571078250242
0.0
0.0
0.0
0.0
0.0
0.0
1.8260574370615785
0.0
0.0
1.9232408678109607
1.1530185843054568
0.0
0.13998869574835737
0.0
27.4723281240762
2.9814815189620987
9.63083865832131
2.3896181286266085
0.0
0.0
0.0
0.0
11.895506769625158
0.0
0.0
0.0
2.693760150852853
0.0
0.0
0.0
0.0
4.710449438078186
0.0
0.0
0.0
0.0
0.0
7.510200795632073
10.644674622617188
0.0
8.758229370395014
0.0
0.0
11.039864237777095
0.0
0.0
3.3224645570827676
0.0
0.0
3.590161236904976
0.0
0.0
0.0
4.699707434221409
0.0
0.0
0.0
1.6264849154003969
0.0
0.0
0.0
0.0
0.0
0.0
0.0
0.0
0.0
0.0
0.0
0.0
3.479461462970434
0.0
2.081461156117399
0.0
0.0
0.0
0.0
0.0
0.0
0.0
0.0
1.7027137719494334
0.0
0.0
0.0
5.762106249084312
0.0
14.707205039307055
0.0
1.7487427372246884
0.0
5.710724383770966
0.0
0.0
0.0
4.863877230390088
0.0
0.6440969389572473
10.171476508464323
0.0
0.0
0.0
3.1454039375266234
0.0
0.0
0.0
0.0
0.0
0.0
0.0
0.5801930344662054
0.0
0.0
0.0
0.0
0.0
0.0
1.174615211222104
0.0
0.0
0.5029649434354297
0.0
0.0
0.0
0.0
0.9423719019750934
7.7814457588306425
0.0
0.0
0.0
0.0
0.0
0.0
4.953763544267389
0.0
0.0
0.0
0.0
0.0
0.0
0.0
0.0
0.0
0.0
0.0
4.133285546666713
0.0
0.0
0.0
0.0
0.0
0.0
0.41728956402151596
0.0
0.0
9.829706210806947
0.0
0.0
0.0
0.0
0.0
0.0
0.0
0.0
0.0
0.0
0.0
0.0
0.0
0.0
0.0
0.0
0.0
0.0
9.806598385306671
0.0
0.0
0.0
0.0
0.0
0.0
0.0
0.0
0.0
6.339925318775741
0.0
2.834915830270063
0.0
0.0
0.0
0.0
0.0
0.0
0.0
0.0
4.658036925930787
0.0
0.0
4.673572699261058
0.0
0.0
0.0
0.0
0.0
0.0
0.0
0.0
0.0
0.0
0.0
5.309925224445465
4.980527575960991
0.0
0.0
0.0
0.0
0.0
10.203537906971533
0.0
0.0
0.0
2.3781239313210136
0.33237123401536905
0.0
0.0
8.238281792009502
0.0
0.0
0.0
0.0
0.0
9.89780319296706
0.0
0.0
1.8254274213498292
0.0
0.0
0.0
13.074460465507741
0.0
0.0
0.0
0.0
0.0
0.0
0.0
0.0
0.0
0.0
0.0
0.0
0.0
4.73278410852015
0.0
0.0
3.6185710800021127
0.0
0.0
0.0
0.0
0.0
0.0
0.0
0.0
0.0
0.0
0.0
0.0
0.0
0.0
0.0
1.4797528480507651
0.0
0.0
0.0
0.0
0.0
0.0
0.0
3.129125869108819
0.0
0.0
10.043186043911902
0.6220359387599359
0.0
0.0
0.0
0.0
0.0
0.0
0.0
0.0
0.0
0.0
0.0
0.0
0.0
0.0
0.0
0.0
0.0
0.0
13.97640057582467
0.0
2.8709510892210233
1.404396996643797
4.313763598698429
0.0
0.0
0.0
0.0
8.982886590000703
0.0
0.0
0.0
0.0
0.0
0.0
0.0
0.0
7.759395856967217
0.0
0.0
0.0
0.05645436175372254
0.0
0.0
0.0
0.0
1.9971793473937538
0.0
0.0
1.7513940876815184
5.322782327472794
0.0
0.0
0.0
0.0
0.0
22.69380115874972
3.998418879763207
0.0
0.0
0.0
5.70650112158728
0.0
1.5750372479711388
4.665498961934304
4.622472884411209
0.0
4.80438916488643
0.0
0.0
0.0
7.254955642403033
0.0
0.09926440138072223
0.6421750128560859
0.0
0.0
0.0
0.0
0.0
3.840344171092582
0.0
0.0
0.0
0.0
0.0
0.0
0.0
0.0
0.0
0.0
0.0
0.0
11.961177786158174
7.583478945336523
0.0
0.0
0.0
0.0
0.0
0.0
4.128975914041675
0.0
0.0
5.192074593752054
0.0
0.0
4.07679739403747
0.0
0.0
0.0
0.0
0.0
0.0
0.0
3.0047961323476926
0.0
0.0
0.0
3.122254674327621
0.0
0.0
0.06186423974897082
0.0
7.877246503428964
0.0
0.0
0.0
0.0
0.0
0.0
0.0
0.0
0.0
4.821585024197887
0.0
0.0
0.0
0.0
0.0
0.0
0.0
0.0
0.0
0.0
0.0
0.0
0.0
9.773690856390587
0.0
0.0
0.0
0.0
0.0
3.904792240413258
0.0
0.0
0.0
0.0
3.2702340752752406
4.196171902061437
0.0
8.271462113167516
0.0
0.074662301648587
0.0
0.0
0.0
0.0
2.309123023048585
0.0
0.0
0.0
0.0
0.0
0.0
0.24998463441313845
0.0
0.0
0.0
0.0
15.69830685774184
0.0
0.0
0.0
0.0
0.0
4.785505494673686
0.0
4.591780207708069
0.0
0.0
0.0
0.0
0.0
0.0
0.0
0.0
7.171271661466264
0.0
0.0
0.0
0.0
0.0
10.156249123378231
0.0
0.0
0.0
0.0
0.0
0.0
0.0
0.0
0.0
0.0
0.0
0.0
0.0
8.262151390824485
0.0
0.0
0.0
18.151558421213622
3.3721005551931142
0.0
0.0
0.0
0.0
0.0
0.0
10.419083958503734
0.0
0.0
0.0
0.0
0.9543724697437739
0.0
0.0
0.0
13.3988498034536
0.0
0.0
0.0
0.0
0.0
0.0
0.0
0.0
0.0
7.928126564660317
0.0
1.644952828066181
0.0
0.0
0.0
0.0
0.0
1.7468160472638061
0.0
0.0
0.0
10.5469676936399
0.0
0.0
0.0
4.7850183960646575
0.0
0.0
0.18013666713015652
0.0
0.0
0.0
6.282193015660425
0.0
0.0
0.0
0.0
0.0
0.0
0.0
3.107644585113519
1.3632555151076389
14.181743299615405
0.0
0.0
0.0
0.0
0.04259311545682465
0.0
4.079078355680295
0.3408936434996974
0.0
7.916897937319746
0.0
0.0
0.0
0.44214883358813495
1.3411360504011327
0.0
1.781110813226789
0.0
0.0
0.0
0.0
0.0
15.007680955760009
0.0
0.0
0.0
0.0
0.0
0.0
0.0
0.0
0.9602437943334365
12.045884880011698
0.0
0.0
0.0
0.0
0.0
0.0
0.0
0.0
0.0
0.0
0.0
0.0
0.0
0.0
0.8518293696008215
0.0
0.0
7.245715862079052
0.0
10.338586578696962
0.0
0.0
0.0
0.0
0.0
9.113561606997493
0.0
0.0
0.0
0.0
0.0
0.0
0.0
0.0
8.305814375835993
0.0
0.0
0.0
6.070662063661217
0.0
5.9908450247554015
0.0
0.0
2.010857496260712
0.0
0.0
0.0
0.0
0.0
2.8836842265508835
1.4130862574758964
2.313297185776605
0.0
0.0
0.0
0.0
0.06296188597777075
0.0
0.0
0.0
0.0
0.0
0.0
0.0
0.09640415602829933
0.0
1.8909112236302548
5.494242639642678
0.0
8.923535267205608
0.0
0.0
0.0
0.0
0.0
7.912735190985686
0.0
0.0
1.7569589975910134
0.0
0.0
0.0
0.0
0.0
1.6963286322120297
0.0
0.7407688143684368
0.0
0.0
0.0
0.0
0.0
0.0
0.0
0.0
2.303170572351263
0.0
0.0
0.0
3.193418924486494
0.0
0.0
0.0
0.0
0.0
0.0
7.383246984266577
0.33752976877534024
0.7201064166386999
0.0
5.6432698742080305
0.0
0.0
0.0
0.0
0.0
0.0
0.0
9.111271539338915
0.0
0.0
0.0
0.0
0.0
0.0
6.435733006122476
0.0
0.0
0.0
0.0
0.0
4.174337261819062
0.0
0.0
0.0
7.501570899854812
0.0
0.0
0.0
15.418594309869533
0.0
0.0
3.1343340105188844
0.0
0.0
0.0
0.0
0.0
0.0
0.0
0.0
0.0
0.0
7.988266560431612
0.0
9.187998022384022
0.0
0.0
0.0
0.0
0.0
0.39830956346536084
0.0
0.0
0.0
1.1747423816210159
0.0
0.0
0.0
0.0
0.0
0.0
0.0
0.0
0.0
0.0
0.0
0.0
0.0
0.08236775822496156
0.0
0.0
0.0
0.0
5.809512829040585
0.0
0.0
30.263599306730953
0.0
0.0
0.0
0.0
0.0
1.2646168265024045
0.0
0.0
0.0
0.0
0.0
0.0
0.0
0.0
0.0
0.0
0.0
0.0
0.0
0.0
0.0
10.790438959433104
2.688336664006499
0.0
0.0
0.0
0.0
0.0
0.0
0.0
0.0
2.3836618150568682
0.0
0.0
0.0
10.946083863305105
0.0
1.344603969938177
15.005732695408852
0.0
0.0
0.0
0.0
0.0
0.0
0.0
0.0
0.0
0.0
0.0
0.0
0.0
0.0
0.0
0.0
0.0
0.0
3.8291736320784224
0.0
0.0
0.0
0.0
0.0
0.0
0.0
3.333616199636353
0.0
0.0
7.816838080865054
0.0
0.0
13.271194259613964
1.3405677897808346
0.0
0.0
3.2419170889786386
0.0
0.0
0.0
0.0
0.0
6.094156762272945
0.0
0.0
0.0
0.0
0.0
0.0
0.0
0.0
0.0
0.0
13.590466232475833
0.9068506799756761
0.0
0.0
0.0
0.0
0.0
0.0
0.0
0.0
0.0
5.035486961997989
0.0
0.0
0.0
4.958264456940398
0.0
0.0
0.0
0.0
0.0
0.0
0.0
0.0
0.0
0.0
0.0
2.5660811090777997
6.168378700467599
0.0
0.0
0.0
0.0
0.0
0.0
0.0
0.0
0.0
0.0
0.0
8.537419187483835
0.0
0.0
0.0
0.0
0.0
0.0
0.0
0.0
0.0
5.595352228182307
0.0
0.0
0.0
0.0
1.3432078775115883
4.407367888722916
0.0
0.0
0.0
0.0
0.0
0.0
0.0
8.734345821695683
0.0
0.0
0.0
0.0
1.400892401900208
0.0
1.3624419993874142
0.0
3.2041422117714546
0.0
12.163803949599654
0.0
0.0
0.0
0.0
3.96283141492313
0.0
0.0
0.0
0.0
0.0
0.0
0.0
0.0
6.110858807565876
18.41955971470523
10.174606987968247
0.0
0.0
0.0
0.0
0.0
0.0
8.090864353010389
0.0
0.0
0.0
4.4953021900707455
0.0
0.0
0.0
0.0
0.0
0.9472141177930666
0.0
0.0
0.0
5.010922739034257
0.0
0.0
2.0982447473729593
0.0
0.0
0.0
10.989798570455022
0.0
1.8022508821492949
0.0
0.0
1.9382947268940285
0.0
0.0
0.0
0.0
0.0
0.400817427324057
0.0
0.0
0.0
0.0
0.0
0.0
0.0
0.0
0.0
0.0
0.0
0.0
0.0
0.802019355620061
0.0
0.0
0.0
8.041975687887117
0.0
0.0
0.0
0.0
0.0
0.0
0.0
0.0
0.0
0.0
0.0
0.0
0.0
0.0
0.0
0.0
0.0
0.0
0.0
0.0
4.801344198158745
0.0
0.0
0.0
0.0
0.0
0.0
0.0
0.0
0.0
0.0
0.0
0.0
0.0
0.0
5.221771320451808
0.0
0.0
0.0
0.0
0.0
0.0
0.0
5.538506081149805
0.8144618162224617
0.0
0.0
3.007764589020624
0.0
0.0
0.0
0.0
0.6069432292346306
0.0
0.0
0.0
0.0
0.0
0.04098746145675136
0.0
0.0
1.53939374451069
0.0
0.0
0.0
0.0
10.075942047069319
0.0
0.0
0.0
0.0
0.0
0.0
0.0
0.0
0.0
0.0
0.0
0.0
0.0
0.0
0.0
0.0
0.0
0.0
0.0
0.0
0.0
0.0
0.0
0.0
0.0
0.0
0.0
9.809506486850239
0.0
0.0
0.0
0.599213083167939
0.0
0.0
0.0
0.0
0.0
0.0
0.0
0.0
0.0
0.0
4.661426169205754
0.0
0.0
0.0
5.490145453791143
0.0
0.0
0.0
0.0
0.0
0.0
0.0
0.0
0.0
0.0
0.0
6.953869966253791
0.0
0.0
0.0
0.0
0.0
0.0
0.0
0.0
0.0
0.0
0.0
0.0
3.3776005527488877
0.0
0.0
20.926789545392978
0.0
0.0
1.0833500516465193
7.218617374926396
0.0
10.778833372751023
0.0
0.0
0.0
0.0
0.0
0.0
0.0
0.0
0.0
0.0
0.0
0.0
4.8310753464063225
0.0
0.0
0.0
0.0
0.0
0.0
8.735539190698717
0.0
0.0
0.0
0.0
3.1083634829089135
0.0
0.17565752782137167
5.473297719988082
0.0
0.6031765209780673
0.0
0.0
0.0
0.0
0.0
0.0
1.6936863644383635
4.410329471576887
6.8344955430619905
3.7130984388546295
0.0
0.0
6.425721255792908
0.0
5.147503568093626
4.3864815869116285
17.701146077334755
0.0
0.0
0.0
0.0
0.0
1.2713521763955953
0.0
0.0
0.0
0.0
0.0
0.0
0.0
9.251673712190367
0.0
0.0
0.0
0.0
3.4675215701843882
0.0
12.365481981443608
12.937435442771942
0.0
0.0
0.0
0.48203469796293064
0.0
0.0
0.0
0.0
0.0
0.0
0.0
0.0
0.0
0.0
0.0
0.0
0.0
0.0
0.0
0.0
0.0
0.0
0.0
5.345588788032202
0.0
17.254337782333195
0.0
0.0
0.0
0.0
0.0
0.0
0.0
14.556865812840499
0.0
0.0
0.0
0.0
0.0
3.3858314437146504
0.0
0.0
0.0
0.0
0.0
0.0
2.167485653591797
0.0
0.0
0.0
0.0
4.70827704245491
9.210662119039682
0.0
0.0
0.0
0.0
0.0
5.142983457323211
0.0
0.0
0.0
0.0
0.0
0.0
2.041375870062211
0.0
0.0
0.0
0.0
0.0
0.0
0.0
0.0
0.0
0.0
0.0
0.0
0.0
0.0
0.0
0.0
0.0
26.149716823347717
0.0
0.0
0.0
0.0
0.0
0.0
0.0
0.0
0.0
0.0
0.0
0.0
0.0
0.0
0.0
0.0
0.0
0.0
0.0
0.0
0.0
0.0
2.2557987693331683
0.0
0.0
0.0
0.0
0.0
0.0
2.5232740368034996
0.0
0.0
16.08142349065639
0.0
0.0
0.0
0.0
0.0
16.61296489439144
0.0
0.0
0.0
0.0
0.0
0.0
0.0
0.0
0.0
0.0
0.0
0.0
0.0
5.0649720274048065
0.0
0.0
0.0
9.563168239990219
0.0
0.0
0.0
0.0
0.0
0.0
2.3394168058714655
0.0
0.0
0.0
0.0
0.0016660945447029007
0.0
0.0
0.0
0.0
0.0
3.358132447826378
0.0
4.115526219393146
0.0
0.0
6.420464084766479
0.0
0.0
0.0
0.0
0.0
0.0
0.0
0.0
0.0
0.0
0.06474927309862721
0.0
0.0
0.0
0.0
14.715446168731845
0.0
0.0
0.0
0.0
0.0
0.0
0.0
0.0
4.838542443528937
0.0
0.0
0.0
0.0
0.0
0.0
0.0
0.0
0.0
0.0
1.8031117766872882
0.0
0.0
7.936246727502052
0.0
13.862424751579752
0.0
0.0
0.0
6.127383028966676
0.0
0.0
0.8308700370995439
0.0
0.0
0.0
0.0
0.0
0.0
0.0
2.205192481149979
0.0
0.0
3.3967916707716057
0.0
0.0
0.0
0.0
6.9711131264100885
0.0
7.250239432836963
0.0
0.0
0.0
0.0
4.123879166563427
0.0
13.029089637216643
0.0
0.0
0.0
0.0
0.0
0.0
4.0063077094428365
0.0
0.0
0.0
0.0
0.0
0.0
0.0
0.0
0.0
0.0
0.0
0.0
0.0
0.0
0.0
0.0
0.0
0.0
0.7583323110260096
0.0
0.0
0.0
1.2887395917722984
0.0
0.0
1.358455850552474
1.6400091642925503
1.1093769525478478
0.0
0.0
2.3789574132639615
0.0
0.0
0.0
0.0
3.5185742305767462
0.6546045988689002
0.0
0.0
3.159946193591253
1.3256474812472874
0.0
0.0
0.0
0.1141164275185389
0.0
0.0
0.0
0.0
0.0
1.8177323718354046
0.0
0.0
0.0
0.0
0.0
0.0
0.0
0.0
0.0
0.0
0.0
0.0
0.0
11.758094330559544
0.0
0.8745432125774357
0.0
0.0
0.0
0.0
0.0
0.0
0.0
0.0
0.0
0.0
0.0
0.0
0.0
7.748580043383498
0.0
0.0
0.0
0.0
0.0
0.0
0.0
0.0
0.0
2.3434436865647683
0.0
0.0
0.0
0.0
2.627543022086215
0.0
0.0
0.0
0.0
1.053455267428518
0.0
0.0
0.0
2.806084758398697
0.0
0.47753012937936035
5.2186400494449146
0.0
0.0
0.0
0.0
0.0
7.004073938199326
0.0
0.0
0.0
0.0
0.0
0.0
20.163859169619485
1.4966702580182414
5.024714566853987
10.540996782853043
0.0
0.0
0.0
0.0
0.0
0.0
2.214870117571053
0.0
0.0
0.0
0.0
0.0
0.0
0.0
0.0
0.0
0.0
0.0
0.0
0.0
0.0
0.0
0.0
0.0
0.0
0.0
0.0
9.74656032310557
0.0
0.0
0.0
15.997056467504336
0.0
22.465005872817073
0.0
0.0
0.0
0.0
0.0
0.0
0.0
0.0
0.0
0.0
0.0
0.0
0.0
0.0
5.00619190399199
0.0
0.0
0.0
0.0
0.0
0.0
0.0
0.0
0.0
0.0
0.0
0.0
0.0
0.0
0.0
0.0
0.0
0.0
0.0
3.5472227503152993
12.562682194560438
0.0
1.0713772702994362
0.07479409362524336
3.957669903328963
0.0
0.0
0.0
0.0
0.0
0.0
3.6386887934530563
0.0
0.0
0.0
9.386379545911709
0.0
0.0
0.0
0.0
0.0
0.0
0.0
0.0
0.0
0.0
0.0
0.0
0.0
0.0
0.0
0.0
11.355266655413871
0.0
0.0
0.0
0.58295942506534
0.0
0.0
0.0
0.0
0.0
0.6410272864159623
0.0
0.0
0.0
0.0
0.0
12.00231594364152
3.4804952025002933
0.0
0.0
0.0
0.0
0.0
0.0
0.0
0.0
0.0
0.0
0.0
0.0
0.0
0.20809018840733984
0.0
0.0
0.0
0.0
0.0
0.0
0.0
0.0
0.0
0.0
21.06418090853478
0.0
4.072251330757297
0.0
0.0
0.0
0.0
0.0
0.0
8.287917118284867
0.0
0.5420357158296554
0.0
0.0
0.0
0.0
4.126764306044592
5.440812968653887
0.0
0.0
0.0
0.0
0.0
0.0
0.0
0.0
0.0
0.0
0.0
4.249560147012801
8.924967023393265
0.0
2.6705638016901645
0.0
9.53728225939743
18.359677973259124
0.0
0.0
0.0
0.0
1.260449314018274
0.0
14.904396495857583
0.0
0.0
0.0
0.0
0.0
0.0
0.0
0.0
17.058399111524437
0.0
3.37844276718036
0.0
0.0
0.0
0.0
0.0
0.0
0.0
0.0
0.0
0.0
0.0
0.0
2.945875900791094
0.0
0.0
0.0
0.0
0.0
0.0
0.0
0.009980459497882066
0.0
0.0
0.0
0.0
0.0
0.0
0.0
0.0
0.0
4.049090917675812
0.0
0.0
0.0
0.0
0.0
0.0
0.0
0.0
0.0
1.9682294359640622
0.0
0.0
0.0
4.891793384223732
0.0
0.0
0.0
4.865997685449699
0.19859033439266227
0.0
0.0
0.0
0.0
2.5722535407253275
0.0
5.687885476632658
0.0
0.0
0.0
0.0
0.0
13.189158477805705
0.0
0.0
0.0
0.0
0.0
0.0
0.0
0.0
0.0
2.1919660019732845
7.601448410712635
0.0
0.0
0.0
0.0
0.0
0.0
5.1407538283942245
0.0
2.7597472212618896
0.0
13.178786612272205
0.0
0.0
0.0
0.0
0.0
0.0
0.0
0.0
0.0
0.0
0.0
0.0
0.0
0.0
0.0
0.0
0.0
4.303205159334212
0.0
0.0
2.330554715851619
0.0
2.485653035145802
0.0
0.0
0.0
1.9995576263920185
0.0
0.0
6.05882542313941
0.0
0.0
0.0
0.017268213146124367
0.0
0.0
0.0
1.3094329606686443
0.0
0.0
0.0
0.0
0.0
0.0
0.0
14.62251837700751
0.0
0.0
0.0
0.0
0.0
0.0
0.0
0.0
0.0
0.0
3.1256356653398285
9.087636156402453
0.0
0.0
0.0
0.0
0.0
0.0
3.1682573632009365
0.0
0.0
0.0
0.0
0.0
0.0
0.0
0.0
6.096228155186537
0.0
0.0
0.0
0.0
0.0
0.0
0.0
4.731712777716169
0.0
1.1348565253319123
0.0
3.957048584049474
0.0
0.0
0.0
0.0
0.0
0.0
0.0
0.0
0.41105735642021557
0.0
0.0
0.0
0.0
0.0
0.0
0.0
0.0
0.0
0.0
0.0
0.0
0.0
0.0
0.0
0.0
0.0
0.0
0.0
0.0
0.0
0.0
11.517514694604273
0.0
0.0
0.0
3.858349321444976
0.0
0.0
0.0
0.0
0.0
0.0
0.0
0.0
0.0
5.426987844350563
0.0
2.4113783871048895
0.0
0.0
0.0
0.0
0.0
0.0
0.0
0.0
0.0
0.0
0.0
0.0
0.0
0.0
0.0
1.4698766755859367
0.0
1.1423535035471843
0.0
0.0
0.0
7.521772465628416
0.0
0.0
0.0
0.0
0.0
0.0
0.0
2.143652458053211
0.0
0.0
0.0
0.0
0.0
0.0
0.0
0.0
0.0
0.0
3.6921166582334592
0.0
0.0
0.0
0.0
0.0
6.191214424822249
0.0
0.0
0.0
0.0
0.0
0.0
0.0
0.0
0.0
0.0
0.0
0.0
0.0
0.0
0.2542958976881522
0.0
0.0
1.0710590289300512
0.316727905803063
0.0
0.0
1.0590305699318776
0.0
0.36163068774477836
0.0
0.0
0.0
0.0
0.0
0.0
0.0
0.0
0.0
0.0
0.0
0.0
0.0
0.0
0.0
0.0
0.0
0.0
0.0
0.0
0.0
0.0
0.0
0.0
0.0
0.0
0.0
10.491755373322249
0.0
6.403752171826312
0.0
0.0
0.0
0.0
0.0
4.8983888991977125
0.0
0.0
0.0
0.0
0.0
13.236883307460033
0.0
0.0
0.0
0.0
0.0
0.49964374281712765
0.0
0.0
0.0
0.0
0.0
0.0
0.0
0.0
0.0
0.0
0.0
9.865098544010948
0.0
0.0
0.0
3.1167773255346276
0.0
0.0
0.0
0.0
0.0
0.0
0.0
4.233462312583242
0.0
0.0
0.0
3.8331866251518676
0.0
0.0
0.0
0.0
0.0
0.0
0.0
0.0
0.0
0.0
5.155963304277023
0.0
0.0
0.0
0.0
5.899125403050206
0.0
0.0
0.0
0.0
0.0
3.8389152128730757
3.1990428303220284
11.597250215580601
0.0
0.0
0.0
0.0
0.0
0.0
5.020082080388391
0.0
0.0
0.0
0.0
0.8288278685465826
0.0
0.0
0.0
0.0
4.954534809391802
0.0
0.0
0.0
0.0
14.929472596867413
0.0
0.0
0.0
0.0
0.0
12.736370322863067
1.9340318514378225
0.0
1.3210753493148815
0.0
0.0
0.0
0.0
0.0
0.0
1.2879100070212104
0.0
0.0
0.0
0.0
0.0
0.0
0.0
0.0
33.55785832787649
1.1801757564725506
0.0
0.0
11.569574492346376
2.432121806676136
0.0
0.0
0.0
0.0
0.0
0.0
0.0
8.538064661391331
0.0
7.089304563719438
0.0
0.524634278018624
0.0
0.0
0.0
0.0
0.0
0.0
21.035625111692553
0.0
0.0
0.0
0.0
0.9680370571308998
0.0
0.0
0.0
0.0
0.0
0.0
0.0
0.0
0.0
0.0
0.0
3.8160863775239307
0.0
0.0
0.0
0.0
3.721742593288056
0.0
0.0
0.0
0.0
0.0
0.0
1.704139948485917
0.0
0.0
0.0
0.0
2.7060509022050496
0.0
0.0
4.943598171880581
0.0
0.0
0.0
0.0
2.514699497019805
0.0
5.273645937750203
0.0
0.0
0.0
0.0
0.0
2.4497057676602196
0.0
0.0
0.0
9.06035803898854
0.0
0.0
0.0
0.0
0.0
0.6402385297633657
0.0
2.0753750257148766
1.7294340884063928
0.0
0.0
0.0
0.0
0.0
0.0
0.0
0.0
0.0
0.0
0.0
0.0
0.0
0.0
0.0
9.988594308861309
0.0
0.0
0.0
0.0
0.0
2.280959158734859
0.0
0.0
0.0
10.691624777185282
0.0
0.0
3.892936055408441
0.0
7.888159962078291
0.0
0.0
0.0
2.135761377311084
2.294651097132032
0.0
0.0
0.0
1.4566540910995798
0.0
0.0
7.776049724755495
0.0
0.0
0.0
0.0
0.0
0.0
11.186481004851913
0.0
0.0
0.0
3.708107611542985
0.0
0.0
0.0
0.0
0.0
0.0
0.0
0.0
0.0
0.0
0.0
0.0
0.0
0.9398784599164856
0.0
0.0
7.576346192449137
0.0
0.0
0.0
0.0
2.5896406697899863
0.0
0.0
0.0
0.0
0.0
0.0
0.0
0.0
0.0
0.0
0.0
0.0
0.0
0.0
10.537290973107176
2.818244578600101
0.0
0.0
0.0
0.0
0.0
2.694358430420678
0.0
3.249287460714598
0.0
0.0
0.0
0.0
0.0
0.0
0.0
0.0
3.9434783747309865
0.0
0.0
0.0
0.0
0.0
0.0
1.785537058603012
0.0
0.0
0.0
0.0
0.0
19.077961941800027
0.0
0.0
0.0
0.0
0.0
1.0843463911316178
0.0
0.0
5.157017424390645
0.0
9.515429868737854
0.0
0.0
0.0
0.0
0.0
0.0
0.0
0.0
0.0
0.0
0.0
0.0
0.6552851199569716
0.0
0.0
0.0
0.0
0.0
0.0
3.4617939639234123
0.0
0.0
0.0
0.0
3.361856957861548
0.0
0.0
0.0
0.0
0.0
0.0
0.8886343974292004
0.0
0.0
0.0
0.0
4.908223319281532
0.0
0.0
2.28920331510173
4.173159756441109
3.9829013634236787
3.200360964894557
0.0
0.0
0.0
0.0
0.0
0.0
1.1814611012868568
0.0
4.53139974832871
0.0
0.0
0.0
0.0
10.681604848254793
0.0
0.0
3.2681656874963494
0.0
0.0
0.0
0.0
17.47412721845167
0.0
0.0
11.020147387097069
0.0
0.0
0.0
0.0
7.078133337012872
0.0
0.0
0.0
0.0
1.8391442461277734
0.0
0.0
0.0
2.2549807336971526
0.0
0.0
7.311153275483775
0.0
0.0
0.0
0.0
0.0
0.0
0.0
0.0
0.0
0.0
0.0
0.0
0.0
0.0
0.0
0.0
0.0
0.0
0.0
0.8309156796688058
2.2979165380999973
0.0
0.0
0.0
12.484782688344012
0.0
0.0
0.0
0.0
0.0
0.0
19.17495364413861
0.0
0.0
3.799174148976576
0.0
0.0
0.0
0.0
0.0
0.0
0.0
1.4099412098338746
0.0
0.0
0.0
0.0
3.6649146467542266
0.0
0.0
0.0
0.0
0.0
0.0
11.389780559031394
0.0
0.0
0.0
0.0
0.0
0.0
2.425757814013508
0.0
0.0
0.0
0.0
0.0
0.0
0.0
3.1141990358054414
0.0
0.0
0.0
0.0
0.0
0.0
0.0
2.9709686241635325
0.0
0.0
0.0
1.9177890974545306
1.7545227680746365
0.6906934765604262
0.0
6.102939783205528
0.0
0.0
0.0
0.0
0.0
0.0
0.0
0.0
0.0
0.0
0.0
0.0
0.0
0.0
0.0
5.87006022659439
0.0
0.0
0.0
0.8797491545384162
0.0
0.0
9.287186676877084
0.31044027745190306
0.0
0.0
0.0
0.0
0.0
0.0
0.0
0.0
0.0
0.0
0.0
0.0
16.833132119565022
6.745956711388246
0.0
0.0
6.639855501806451
0.0
0.0
3.8978994396074143
0.0
0.0
0.0
5.627644113928184
0.0
0.0
0.0
0.0
0.0
0.0
2.8340028838621407
0.0
0.0
0.0
0.0
0.0
0.0
7.319237641042022
0.0
0.0
0.0
0.0
0.0
0.0
0.0
0.0
0.0
0.0
0.0
0.0
0.0
0.0
0.0
1.5683297834918193
0.0
0.0
0.0
8.10289241654695
0.0
0.0
0.0
7.808536503591185
0.0
12.950287764428197
0.0
0.0
0.0
0.0
0.0
2.0704072472195776
0.0
0.0
1.3740136473094253
0.0
0.0
0.0
0.0
0.0
0.0
0.0
0.0
0.0
0.0
0.0
0.0
5.585933620220757
0.0
0.0
3.389883281047659
0.0
0.0
0.0
0.0
0.0
0.0
0.0
0.0
0.0
0.0
0.0
3.1468990727555735
0.0
0.0
0.0
0.0
0.0
0.0
0.0
10.254822654167484
0.0
8.54010285557608
0.0
0.0
0.0
0.0
15.424110589101304
8.765660581111433
0.0
0.0
0.0
0.0
0.0
0.0
9.151306783536413
1.6877201510899198
0.0
0.0
1.020506299714114
0.0
9.468475743609474
0.0
0.0
0.0
0.0
0.0
2.8240066179990464
0.0
3.8824637718679185
0.0
0.0
0.0
0.0
0.0
0.0
0.0
0.0
0.0
0.0
0.0
0.0
0.0
0.0
0.0
9.303622123902514
0.0
0.0
0.0
0.0
0.0
0.0
0.0
0.0
0.0
0.0
0.0
0.0
0.0
0.0
0.0
0.0
0.0
0.0
0.0
2.086892200749176
0.0
0.0
0.0
0.0
15.654626621436677
0.0
0.0
9.46563534874086
0.0
0.0
0.0
0.0
0.0
0.0
0.0
0.0
0.0
0.0
0.0
3.163138467228407
0.0
0.0
0.0
0.0
0.0
0.0
0.0
2.064168400358014
0.0
0.0
0.0
3.630822045371019
0.0
13.416751395836485
0.0
0.0
6.79114080884824
0.0
0.0
0.0
5.961383928396771
0.0
3.3370891122697657
0.0
0.2258317403356358
0.0
0.0
0.4670572228153702
0.0
0.0
3.3051920293190875
0.0
0.0
0.0
3.786489173827235
0.0
0.0
10.377806792333814
0.9238342730852338
0.0
0.0
0.0
5.644588025568268
0.0
0.0
2.2522910378379777
0.0
0.0
9.137300901841641
0.0
0.0
1.3360279845492187
3.5234771422380646
0.0
0.0
0.0
0.0
6.259740933124149
0.0
0.0
0.0
7.2324153348049975
0.0
0.0
0.0
0.0
0.0
0.0
0.0
0.0
0.0
0.0
0.0
0.0
0.0
9.255461950135924
0.0
0.0
0.0
0.0
0.0
0.0
16.11412131818615
10.082458701390308
0.0
0.0
0.0
0.0
0.0
0.0
0.0
15.21335950305074
0.0
0.0
0.0
0.0
0.0
0.0
8.556996404343451
0.0
0.0
0.0
0.0
4.935491318698951
0.0
0.0
0.0
0.0
0.0
0.0
0.0
0.0
0.0
0.0
0.0
0.0
0.0
1.1375825175277186
0.0
23.407459626304075
0.0
1.955760872252327
0.0
0.0
0.0
0.0
0.0
5.35648804313891
0.0
0.0
0.0
0.0
0.0
0.0
0.0
0.0
4.732369304393799
3.5756818260335876
0.0
0.0
0.0
0.0
0.0
0.0
0.0
0.0
0.0
0.0
0.0
0.0
0.0
0.0
0.0
0.0
7.159641638409326
0.0
0.0
0.0
0.0
0.0
0.0
5.13327634372942
2.7619124453327117
10.5861666817855
0.0
0.0
0.0
0.0
0.0
0.0
0.0
0.0
0.0
0.0
0.0
0.0
0.0
2.639903769928196
0.0
0.0
0.0
0.0
0.0
0.0
0.0
0.0
0.05243920792631229
0.0
0.0
0.0
0.0
0.0
0.0
0.0
0.0
0.0
0.0
0.0
9.837645506160982
0.0
0.0
0.0
0.0
0.0
0.0
0.0
0.0
0.2868276686961764
1.204456267845373
0.0
0.0
0.0
0.0
0.0
3.113072917658073
0.0
0.0
0.0
0.0
0.0
0.0
0.0
0.0
0.0
0.0
6.535973580788493
0.0
0.0
0.0
0.0
0.0
5.319361061028189
0.0
0.0
0.0
0.13094183608387766
0.013588958786712624
0.0
0.0
0.0
0.0
0.12461439056609436
0.0
0.0
0.0
0.0
0.0
4.144170246942323
0.0
9.497331541213782
0.0
5.063385226366066
0.0
0.0
0.0
0.0
0.0
0.0
0.0
1.4418250800415393
0.0
0.0
4.0560972034343195
0.0
2.7176279268260117
0.0
0.0
0.0
0.0
0.0
0.0
0.0
0.0
0.0
0.0
0.0
7.407219058513604
0.0
16.596675382256663
0.0
0.0
0.0
0.0
0.0
0.0
0.0
0.0
0.0
0.0
0.0
0.0
0.0
12.97585576115624
0.0
0.0
16.4292103850414
0.0
0.0
0.0
8.035858248353378
0.0
0.0
0.0
0.0
0.0
3.7163398172760083
0.0
0.1422798960002183
2.8561866351537617
0.0
0.0
0.31924827856114746
0.0
0.0
0.0
0.0
0.0
0.0
0.0
0.0
0.0
0.0
0.0
0.0
0.0
0.0
0.0
12.26978468306389
0.0
0.0
0.0
0.0
10.41807933987829
0.0
5.5734142402756675
0.0
0.0
0.0
0.0
6.935753502340177
7.508583087008262
0.0
0.0
0.0
0.0
6.954908186829769
0.0
10.942790411022074
0.0
0.0
0.0
0.0
2.8410056147053098
0.0
0.0
0.0
0.0
0.0
0.0
0.0
0.0
0.0
0.0
5.925130108257903
2.5084440939555748
0.0
0.0
0.0
0.0
0.0
0.0
0.0
0.0
0.0
0.0
0.0
0.0
5.624442559999906
0.0
6.832848262802543
0.0
0.0
0.515506453782308
0.4224798066506139
0.0
0.0
6.632919373568754
0.0
0.0
0.0
0.0
10.065387180207637
0.0
0.0
0.0
0.0
0.0
0.0
0.0
0.0
0.0
0.0
0.0
0.0
0.0
7.4490336145063765
11.69711611948955
0.0
0.0
0.0
0.0
0.0
0.0
0.0
0.0
3.9934400318594214
0.0
0.0
0.0
0.0
0.0
2.1362969973101116
7.7565631770665675
0.0
0.0
0.0
0.0
0.0
0.0
0.0
16.419453970289197
0.0
0.0
0.0
0.0
0.0
0.0
0.0
0.0
0.0
14.115236738482494
0.0
0.0
16.418637751342615
0.0
7.042159732087583
0.0
0.0
0.0
0.0
1.158149865542768
0.0
0.0
0.0
0.0
0.0
0.0
0.0
0.0
0.0
2.575428960349356
0.0
0.0
0.0
0.0
0.0
0.0
0.0
0.03751228605750612
0.0
0.0
0.0
0.0
0.0
0.0
0.0
0.0
3.377573450419675
0.0
0.0
8.389585169927216
0.0
0.0
0.0
0.0
0.0
0.0
0.0
0.0
0.0
0.0
0.0
0.0
0.0
9.065162487835636
5.609917814400916
0.0
6.029136616135446
0.0
0.0
0.0
4.702145773113841
0.0
0.0
0.0
0.0
2.87325515963434
0.0
0.0
0.0
0.0
0.0
0.0
0.0
0.0
0.0
0.0
0.0
0.0
4.1370864488936405
0.0
0.06926663386359166
0.0
0.0
0.0
0.27991824735867965
0.0
0.0
0.0
0.0
0.0
0.0
0.0
2.0275876100633923
0.0
0.0
0.0
0.0
0.0
9.985023992811804
2.6961267538078033
0.0
0.0
0.0
0.0
0.0
8.922331278680232
0.0
0.0
0.0
0.0
32.63504696454726
0.0
0.0
0.0
0.0
0.0
0.0
0.0
0.0
0.0
0.0
0.0
0.0
0.0
16.45330755389263
0.0
4.1829697605346325
0.0
0.0
13.990837900997008
0.0
0.0
0.0
18.20915231981772
0.0
1.7936899851392525
0.0
0.0
0.0
0.0
8.47609477487535
0.0
0.0
7.913055944190802
0.0
0.0
0.0
0.0
0.0
0.0
0.0
0.0
0.0
0.0
0.0
0.0
0.0
0.0
0.0
2.4106247141505435
6.091750035018848
0.0
0.0
0.0
0.0
0.0
0.0
0.0
0.0
0.0
0.0
0.0
0.0
0.0
0.0
0.0
2.7020592752158024
0.0
0.9815629203331611
0.0
0.0
0.0
0.0
3.6403698339143773
0.0
0.0
0.0
0.0
0.0
12.864577485203668
2.82371308505671
0.0
0.0
0.0
0.0
0.0
2.0327985360847975
0.0
1.4308654877290508
1.4361704573079237
0.0
0.0
0.0
0.0
0.0
0.0
0.0
0.0
1.9306202632235738
0.0
2.904680106243788
0.0
0.0
0.0
0.0
0.0
5.416543700271916
0.0
3.342815147938609
0.0
0.0
0.0
0.0
0.0
0.0
0.0
1.5182218808755152
0.0
3.0449693176173867
1.305450532216227
0.0
1.4359378986204518
7.115482530062167
0.0
0.0
0.0
0.0
11.915942051167022
0.0
0.0
0.0
0.0
0.0
0.0
0.0
0.44329257638290187
0.0
0.0
0.0
0.48903138168903126
0.0
0.0
0.0
0.0
0.0
0.0
0.0
1.2363477168476749
0.0
0.0
0.0
0.0
4.5019122137012175
0.0
0.0
0.0
0.0
0.0
0.0
0.0
0.0
0.0
0.0
3.4998846901701057
0.0
0.0
0.0
0.0
6.555470129114994
0.0
0.0
4.036813772410525
0.0
0.0
0.0
0.0
5.3249888847744415
0.0
0.0
6.0358462791017615
0.0
0.0
2.399359098816049
0.0
0.0
2.0014314050293365
8.471642386492178
0.0
0.0
0.0
0.0
0.0
0.0
0.0
3.9140847472129394
0.0
0.0
0.0
0.0
4.002316831813317
0.0
0.0
0.0
0.0
0.0
5.322926842547744
0.0
0.0
0.0
0.0
0.0
0.0
0.0
0.0
0.0
0.0
0.0
0.0
0.9385642113936257
0.0
0.0
0.0
0.0
0.0
0.0
0.0
0.0
0.0
2.471986904020511
0.0
0.0
0.0
0.0
1.890252272512683
0.0
0.0
7.147275294872742
0.0
0.0
0.0
0.0
2.6915819806006454
0.0
1.1228031224642905
0.0
0.0
0.0
0.0
0.0
0.0
4.666462324531821
0.0498852048824574
0.0
2.90552095325927
0.0
0.0
4.7802883598921255
0.0
4.175705147931808
0.0
0.0
5.163038678000447
17.19736175405484
7.607929550192324
0.5579170740235355
2.998702879566764
0.0
0.0
3.9284100839394966
0.0
0.0
0.0
0.0
0.0
0.0
0.0
0.0
0.0
0.0
0.0
0.0
0.0
0.0
0.0
0.0
3.696858057181572
0.0
0.0
0.0
0.0
0.0
0.0
0.0
0.0
0.0
13.209201958858486
0.0
0.0
0.0
11.924888620594587
0.0
5.159966286531102
0.0
0.0
0.0
0.3004388052935525
0.0
0.0
0.0
9.1768108237724
0.0
0.0
0.0
0.0
0.0
0.0
0.0
0.0
1.6504996798024365
0.0
0.0
0.0
0.0
0.0
1.8685452641379214
0.0
6.401031707504913
0.0
0.0
0.0
5.347633254017907
0.0
0.0
0.0
0.0
0.0
0.0
0.0
0.0
0.0
0.0
0.0
2.6114203689242856
0.0
0.0
0.0
0.0
0.0
0.0
0.0
0.0
0.0
0.0
0.0
0.0
0.28770115386170403
0.0
0.0
0.0
5.364730822947095
0.0
0.0
0.0
0.0
0.0
0.0
0.0
0.0
3.2517290736415845
0.0
0.0
0.0
0.0
0.0
0.0
0.0
9.409556781633057
0.0
0.441110543101928
12.810334643680207
0.0
0.0
0.0
0.0
0.0
1.2111405659827739
0.0
0.0
0.0
0.0
0.0
0.0
0.0
0.0
0.0
0.0
0.0
0.0
0.0
0.0
0.0
0.0
9.554895896670132
0.0
0.0
0.0
0.0
0.0
0.0
0.0
0.0
0.0
0.0
0.0
0.0
0.0
0.0
0.0
0.0
0.0
0.0
0.0
0.0
1.6557485067813928
0.0
0.0
0.0
0.0
0.0
0.0
0.0
0.0
0.0
0.0
0.0
0.0
0.0
6.747943919527955
10.19776827822325
0.0
0.0
4.545513576407743
0.0
0.0
6.10561554463284
0.0
0.0
0.0
0.0
0.0
16.81421912262705
0.0
26.47840767582923
0.0
0.0
0.0
0.0
0.0
0.0
18.955931219749118
0.0
0.0
2.0094233559209727
0.0
0.0
0.0
1.2676851588072253
0.0
0.0
0.0
0.0
4.64220555493813
0.0
0.0
0.0
0.0
0.0
0.0
0.0
0.0
0.0
0.0
0.0
6.269738193411683
3.5510473644277596
0.0
0.0
0.0
0.0
0.0
0.0
0.0
0.0
0.0
0.0
0.0
0.4422619659810607
0.0
0.0
0.0
0.0
0.0
0.0
1.6065130203673448
0.0
0.0
0.0
6.966771489134544
0.0
0.0
0.0
0.0
0.0
3.2430785545294754
2.3792789037723736
0.0
0.0
0.0
0.0
0.0
0.0
0.0
0.0
0.8710438786342962
0.0
0.0
4.132659776739388
0.0
0.0
0.0
0.0
0.0
0.0
0.0
0.0
5.328722359841052
0.0
0.0
0.0
19.949684928493866
13.900013007998368
0.0
8.542146937024967
0.0
0.0
0.0
0.0
0.0
0.0
16.770032656247253
0.0
0.0
0.0
1.4216569789440143
0.0
0.0
2.173713791182422
0.0
0.0
0.0
0.0
12.085253730595355
0.0
0.0
0.0
0.0
0.0
0.0
0.0
0.0
0.0
0.0
0.0
0.0
3.3870661741069483
3.5031851570180237
0.0
0.0
0.0
11.564814543970712
0.0
0.0
0.9570193004285272
0.0
0.0
0.0
0.0
0.0
0.0
3.0952684146372604
0.0
0.0
0.0
0.3431537486844576
0.0
0.0
0.0
0.0
5.08473914725505
0.0
0.0
10.157161328308447
0.0
0.0
0.0
0.0
0.0
0.0
7.899257289190302
0.0
0.0
0.0
0.0
0.0
0.0
0.0
0.0
14.518282673468732
0.5409946590531405
0.0
0.0
7.855091836044323
0.0
0.0
0.0
0.0
0.0
0.0
0.0
0.0
0.0
0.0
0.0
0.0
0.0
0.0
0.0
0.0
0.0
0.0
5.314092297871568
0.0
0.0
0.0
0.0
0.0
0.0
0.0
0.0
0.0
0.0
10.441928983410392
6.393469396985935
0.0
8.583577376768304
4.659008407996382
0.0
0.0
0.0
0.0
21.323097568972003
17.15661966123797
0.0
0.0
0.0
0.0
0.0
0.0
0.0
0.0
0.0
4.283786281227492
0.0
0.0
0.0
0.0
0.0
0.0
0.0
0.0
3.907834226822402
0.0
0.0
9.202918459756233
0.0
0.0
0.0
0.0
0.0
0.0
0.0
0.0
0.0
0.0
0.0
0.0
0.0
0.0
0.6534394886218706
0.0
0.0
0.0
5.5259089777489265
0.0
0.0
0.0
0.0
0.0
0.0
0.0
0.0
0.0
0.0
0.0
2.6120065399916825
0.0
0.030499066096098204
0.0
1.6318900926167856
0.0
0.0
15.115869747180085
0.0
0.0
5.92182988318018
0.0
0.0
0.0
0.0
0.0
0.0
0.0
0.0
0.0
4.053261609391853
0.0
0.0
3.4973085440139045
0.0
0.0
0.0
0.0
0.0
0.0
0.0
0.0
0.0
1.05748312279583
1.6836098585793877
0.0
0.0
0.0
0.0
0.0
0.0
1.5064396120626213
0.0
0.0
1.8920419321256787
7.005519776150379
0.0
0.0
0.8045996519737741
0.0
7.92565708837553
12.042060472374573
0.0
0.0
0.0
0.8235968520948802
0.0
0.0
0.0
0.0
0.0
0.0
1.758624301299335
0.0
0.0
0.0
0.0
0.0
0.0
0.0
0.0
6.482885195444496
8.80022004506229
0.0
0.0
0.0
0.0
2.2506811696020037
0.0
0.0
0.0
0.0
0.0
0.0
0.0
0.0
0.0
3.2710552270407476
0.0
0.0
0.0
8.588386438490161
0.0
0.0
0.0
0.0
0.0
0.0
7.316096312226222
0.0
0.0
0.0
0.0
0.021186796379268458
0.0
0.0
0.0
4.52211762332314
0.0
0.0
7.774174196020738
3.385712383607185
0.0
0.0
0.0
0.0
0.0
0.0
14.987542396566056
0.0
0.0
0.0
0.0
0.0
0.0
0.0
0.0
0.0
0.0
0.0
0.0
0.0
4.426905766231158
0.0
0.0
0.0
0.0
0.0
0.0
0.0
7.8953848836962806
1.2009693020748244
0.0
0.0
1.2721911222379418
0.0
0.0
0.0
0.0
0.0
0.0
0.0
0.0
0.1988665707062438
0.0
0.0
0.0
0.0
0.0
0.0
0.0
0.0
0.0
0.0
0.0
3.796170652450982
8.612395755831685
4.878801360102884
0.0
0.0
0.0
0.0
0.0
0.0
4.054918598555929
0.0
0.0
23.09950549898798
0.0
0.0
0.0
0.0
0.0
0.0
0.0
0.0
0.0
0.0
0.0
0.0
0.0
0.0
0.0
0.0
0.0
0.0
0.0
0.0
0.0
0.0
0.0
0.0
0.0
11.029951767256847
0.0
0.0
0.0
0.0
0.0
0.0
0.0
2.005316225479916
0.0
0.0
0.0
6.914632261251285
0.0
0.0
0.0
0.0
0.0
0.0
0.0
0.0
0.0
0.0
0.0
0.0
2.8650954311528096
0.0
0.36560169991962255
0.0
0.0
0.0
0.0
0.0
0.0
0.0
0.0
0.0
0.0
0.0
0.0
0.0
0.0
0.0
0.0
1.7979279557633134
0.0
0.0
0.0
0.0
8.31765332298734
0.0
1.8958616997251028
0.0
0.0
0.0
0.0
0.0
0.0
0.0
12.387780212969332
0.0
0.0
0.9157401379154919
0.0
0.0
0.0
0.0
5.708453673617029
0.0
8.269833881047205
0.0
0.0
0.0
0.0
0.0
0.0
0.0
0.0
1.4292995462060247
0.0
0.0
0.0
0.0
0.0
4.580936589658464
0.0
0.0
0.0
0.0
0.0
0.0
0.0
0.0
0.0
0.0
0.0
0.0
0.0
0.0
0.0
0.0
0.0
0.0
13.333042970003973
0.0
0.0
0.0
0.0
13.185368532565292
0.0
0.0
0.0
7.934063146237278
0.0
0.0
0.0
0.0
0.0
3.5147884499628077
8.781644920598694
0.0
0.0
0.0
0.0
12.156319926949209
0.0
0.0
0.0
0.0
0.0
0.0
0.0
0.0
0.0
0.0
3.6321717963362232
0.0
0.0
0.0
0.0
0.0
0.0
0.809611706287015
0.0
0.0
0.0
0.0
0.0
0.0
0.0
0.0
0.0
0.0
0.0
0.0
2.363298837222672
0.0
0.0
0.0
0.0
9.22608427920487
0.0
0.0
0.6210440861855915
2.062859166167584
0.0
0.0
0.0
22.265092141729212
0.0
0.0
0.0
0.0
4.483735114360925
0.0
0.0
0.0
0.0
0.0
0.0
0.0
0.0
0.0
0.0
0.0
0.0
0.0
0.0
0.0
0.0
0.0
1.1373721617264323
0.0
5.324510239076233
0.0
0.0
0.0
0.0
0.0
0.0
0.0
0.0
0.0
0.0
0.0
0.0
0.0
0.0
0.0
0.0
0.0
0.0
0.0
0.0
0.0
11.461413881239025
0.0
0.0
0.0
0.0
0.0
0.0
3.605540369922153
0.0
0.0
0.0
0.0
4.226644862039478
0.0
1.4225323688475129
0.0
0.0
0.0
0.0
0.0
0.0
0.0
0.0
0.0
0.0
0.0
0.0
0.0
0.0
0.0
0.0
0.0
0.0
0.0
13.171180724247364
0.0
0.0
0.0
0.0
0.0
0.0
0.0
0.0
0.0
0.0
11.31631120362178
11.368939275369968
0.0
10.699532529257382
0.8073265729777717
7.471739307394046
0.0
0.0
0.0
0.0
0.0
2.5967230156352628
0.0
0.0
0.0
0.15848330243106545
4.428473135703555
0.0
0.0
0.0
0.0
0.0
0.0
0.0
0.0
0.0
0.0
0.0
4.088247479605073
0.0
0.0
0.0
0.0
0.0
4.569601139897983
0.0
0.0
0.0
0.0
0.0
0.0
0.0
0.0
0.0
0.0
0.0
2.03358197584474
0.0
0.0
0.0
0.0
0.0
0.0
1.1554421031684825
8.546836894197384
0.0
0.0
0.0
0.0
4.923539548085387
0.0
0.0
0.0
0.0
0.0
5.927662542957648
0.0
0.0
0.0
0.0
0.0
0.0
0.0
0.0
0.0
0.0
0.0
0.0
0.0
0.0
0.0
0.0
0.0
0.0
0.0
0.0
0.0
7.2277488266095276
2.966820842827815
0.0
0.0
0.0
0.0
0.0
0.0
0.0
6.087598271995461
0.0
0.0
0.0
0.0
0.0
0.0
0.0
4.396063136412906
0.0
0.0
0.0
0.0
0.0
0.0
7.779995157870758
0.0
0.0
13.752408742466386
0.0
0.0
4.538787341133812
1.8819796777262212
0.0
0.0
0.0
0.0
0.0
0.0
0.0
0.0
0.0
0.0
0.0
0.0
0.0
0.0
0.0
0.0
0.0
0.0
0.0
0.0
0.8097863840302892
4.357167214826077
4.0828595279336355
0.0
0.0
0.0
0.0
0.0
0.0
0.0
0.0
0.0
0.0
0.0
0.0
0.0
0.0
0.7367698929164419
0.0
0.0
0.0
0.0
0.0
2.3152772516050817
19.938496864934052
0.0
0.0
0.0
0.0
0.0
0.0
0.0
0.0
1.8747311398109332
0.0
0.0
0.0
0.0
0.0
0.0
1.1766597085987058
6.928387144709234
0.0
0.0
0.0
0.0
0.0
0.0
0.0
0.0
0.0
0.0
0.0
0.0
0.0
0.0
0.0
0.0
0.0
0.0
0.0
0.0
0.0
0.0
0.0
0.0
0.0
0.0
0.0
0.0
0.0
0.0
0.0
0.0
0.0
0.0
0.0
3.8687771660739116
0.0
0.0
0.0
0.0
0.0
0.0
15.778733615476455
0.0
0.0
0.0
0.0
5.875966519393231
0.0
0.0
0.0
0.0
0.0
0.0
0.0
0.0
0.0
0.0
0.0
6.416021639693184
0.0
2.2300844934191986
0.0
0.0
0.0
0.0
0.0
0.0
0.0
0.0
0.0
0.0
0.0
0.0
7.377005942367163
0.0
0.0
0.0
0.0
0.0
0.271384467776528
0.0
0.0
0.0
0.0
0.0
0.0
0.0
0.0
1.9816458593247717
0.0
0.0
0.0
0.0
0.0
0.0
0.0
0.0
0.0
0.0
0.0
0.0
0.0
0.0
0.0
0.0
5.6773920225038665
0.0
0.0
0.0
0.0
0.0
0.0
1.9483364026474135
0.0
0.0
0.0
0.0
9.117016430881975
0.0
0.0
0.0
0.0
0.0
0.0
0.0
0.0
0.0
0.0
0.0
0.0
0.0
0.0
0.0
1.0590388727511169
0.0
0.0
0.0
0.0
0.4879976826074568
0.0
9.352353813551588
7.9496740202536245
0.0
0.0
0.0
0.0
0.0
0.0
0.0
0.0
0.0
0.0
0.0
0.0
0.0
0.0
0.0
0.0
2.5350171643935795
0.0
0.0
2.085685155195719
0.0
0.0
2.3041219897124705
0.0
0.0
0.0
10.55461711176035
0.0
0.0
0.0
0.0
6.026072700648257
0.0
1.256533265271159
10.122547033083606
1.3711945707543123
0.0
0.0
0.0
0.0
0.0
0.0
0.0
6.9688470118122865
0.0
0.0
0.0
0.0
0.0
0.0
2.655527732555555
0.0
1.7515321147760972
0.0
0.0
0.0
0.0
0.0
0.0
1.8083682569247799
0.0
0.0
0.0
0.0
0.0
0.0
0.0
13.374285032725808
0.0
0.0
1.5964539250675216
0.0
0.0
3.6051838961432594
0.0
0.0
0.0
0.0
0.30556870585262175
0.0
0.0
0.0
0.0
0.0
0.0
0.0
0.0
0.0
0.0
0.0
0.0
0.0
0.0
0.0
0.0
0.0
0.0
0.0
6.12400208230153
0.0
0.0
0.0
1.1424430471950018
0.0
0.0
0.0
0.4888581038698021
0.0
0.0
0.0
0.0
0.0
0.0
0.0
0.9888027608278378
0.0
15.8749596088699
0.0
0.0
0.0
0.0
0.0
0.0
0.0
0.0
0.0
0.0
0.0
0.0
0.0
0.0
0.0
2.9832371910791835
0.0
0.0
3.4405944975125067
0.0
0.0
0.0
0.0
1.0530012425823827
0.0
0.0
0.0
4.276955956027351
0.0
0.0
0.0
0.0
0.0
0.0
1.3576383508279406
0.0
12.159583515915259
0.0
0.0
0.0
0.0
0.0
13.955861947634048
0.0
6.8875093125108435
0.0
11.24966302929603
0.0
0.0
7.839805279002732
0.5355565106686839
0.0
0.0
0.0
0.0
0.0
0.0
0.0
0.0
0.0
0.0
0.0
0.0
0.0
0.0
0.7119268743716987
0.0
0.0
0.0
0.0
0.0
0.0
0.0
0.0
0.0
0.0
0.0
0.0
0.0
10.50897208580571
0.0
0.0
0.0
0.0
0.0
0.0
0.0
1.1606369685994338
0.0
0.0
0.0
0.0
3.5515419754599264
0.0
0.0
0.0
9.797264337094745
0.0
0.0
1.4702892881673648
0.0
4.041482716024305
0.0
0.0
0.0
0.0
0.0
0.0
0.0
0.0
0.0
0.0
0.0
0.0
0.0
0.0
0.0
0.0
0.0
0.0
0.0
0.0
0.024531030791180797
0.0
0.0
0.0
0.0
0.0
0.0
5.347817604546563
1.5482094946152074
0.0
0.0
0.0
0.0
0.0
0.0
0.0
0.0
0.0
0.0
0.0
0.0
0.0
11.592197933582995
0.0
0.0
0.0
2.7094353737038404
0.0
0.0
0.18619432922551482
0.0
0.0
0.0
0.0
0.0
1.59653847650506
0.0
0.0
0.0
0.0
0.0
0.0
0.0
0.0
6.734573114284316
0.0
0.0
0.0
0.0
0.0
0.0
0.0
0.0
0.0
0.0
0.0
0.0
0.0
0.0
4.557758029066733
0.0
0.0
0.0
1.450418750102429
0.0
0.0
0.0
6.654740574086972
0.0
17.596877178863082
0.0
0.0
0.0
0.0
0.0
0.0
0.0
0.0
11.927247816907041
0.0
0.0
0.0
0.0
0.0
0.0
0.0
0.0
0.0
0.0
0.0
0.0
0.0
0.0
0.0
0.0
0.0
0.0
0.0
0.0
0.0
0.0
0.0
0.0
0.0
0.0
0.0
6.938646402002405
0.0
0.0
0.0
7.3765539268906934
0.0
0.0
0.0
0.0
0.0
0.0
0.0
0.0
4.252915811125064
0.0
0.0
0.0
0.603501384141893
0.0
0.0
0.0
4.454765563532803
0.0
2.185912052809954
0.0
0.0
1.338643283089894
13.887915675699702
0.0
0.0
0.0
4.3600990390400085
10.34256724063583
0.0
0.0
0.0
0.0
0.0
0.0
0.0
0.0
0.0
0.6795792507300433
0.0
0.0
0.0
3.973641108533201
0.0
0.0
0.0
0.0
0.0
0.0
0.0
0.0
0.0
0.0
0.0
0.0
0.0
0.0
0.0
16.105591017955405
0.0
0.0
0.0
0.0
0.0
0.0
5.35294144817216
10.429481317238213
0.0
0.0
0.0
0.9409507580436127
0.0
0.0
0.0
0.0
0.0
0.0
0.0
0.0
0.0
0.0
0.0
0.0
0.0
0.0
0.0
0.0
0.0
0.20463526432254753
0.0
0.0
0.0
0.0
0.0
7.69683113068875
10.581769630414982
0.0
0.0
0.0
0.0
0.0
0.0
0.0
17.05383583501724
0.0
0.0
0.0
0.0
0.0
0.0
1.172394851568228
0.0
3.7712135350035823
6.384068203174891
0.0
0.0
1.4120420575316217
0.0
10.330421762979626
0.0
0.0
0.0
0.0
0.0
0.0
0.0
16.71684671194052
0.0
0.0
0.0
0.0
0.0
0.0
0.0
0.0
0.0
0.0
0.0
0.0
0.0
8.155335442251499
3.1503569072798996
0.0
0.0
0.0
0.0
7.927118653948071
0.0
6.536553297365799
0.0
0.0
0.0
0.0
0.0
0.0
0.0
10.51569449082126
0.0
1.9539839158359626
0.0
0.0
0.0
0.0
0.0
0.0
0.0
0.0
8.469998238894576
13.251319495513627
0.0
0.0
0.0
0.0
0.0
0.0
0.0
0.0
0.0
1.7919733392775328
14.077636334313851
0.1225440371817399
7.1322193469715955
0.0
0.0
0.0
0.0
0.0
0.0
1.9376149696235245
0.0
0.0
0.0
0.0
0.0
0.0
0.0
0.0
0.0
7.550382958903697
0.0
0.0
0.0
0.0
0.0
0.0
0.5559784242119861
7.412908049153074
0.0
0.0
0.11600101735879775
0.0
0.0
0.0
0.0
16.19996490170152
0.0
0.0
0.0
0.0
0.0
0.0
0.0
3.216688204301846
0.0
6.820130486974051
0.0
0.0
0.0
0.0
0.0
0.0
0.0
0.0
0.0
0.0
0.0
1.4210252059683768
0.0
0.0
0.0
0.0
0.0
0.0
0.0
0.0
0.0
0.0
0.0
0.0
0.0
0.0
0.0
0.0
0.0
0.006063689013814155
0.0
0.0
0.0
0.0
0.0
0.0
0.0
0.0
0.0
0.0
0.0
0.0
0.0
0.0
0.0
0.0
0.0
0.0
0.0
0.0
0.0
0.0
0.0
0.0
0.0
0.0
0.0
0.0
0.0
0.0
0.0
0.0
0.0
0.0
0.0
0.0
0.0
0.0
0.0
0.0
0.0
0.0
0.0
0.0
0.0
0.0
0.7824436921637385
7.681716922416115
0.0
0.0
0.0
0.0
0.0
4.346140540242118
1.0391101877223008
0.0
0.0
15.045753573629412
0.0
0.0
7.8421230882254065
0.0
0.0
0.0
0.0
5.567095527787629
0.0
0.0
0.10308905065350871
0.0
0.0
0.0
0.0
0.0
0.0
0.0
0.0
0.0
0.0
0.0
0.0
0.0
0.0
0.0
0.0
1.5079079762662673
0.28016656934667594
0.0
0.0
0.0
0.0
0.0
0.0
0.0
0.0
0.0
0.0
0.0
0.0
2.2998974371935645
0.0
0.0
0.0
0.0
0.0
0.0
0.0
0.943917380144029
0.0
0.0
0.0
0.0
0.0
0.0
0.0
0.0
0.0
0.0
0.0
0.0
0.0
0.0
0.0
0.0
0.0
0.0
0.0
23.1658073013958
9.438830986412725
0.0
2.039590444867187
0.0
0.7552825025044143
1.1606560738717775
0.0
0.0
0.0
0.0
6.705660173894216
0.0
0.0
0.0
0.0
0.0
0.0
0.8585008739676567
0.0
0.0
0.0
0.0
0.0
0.0
0.0
0.0
0.0
11.540328060745054
0.0
0.48876238085513535
0.0
0.0
0.0
0.0
0.0
7.564998188821207
0.0
0.0
0.0
0.0
0.0
0.0
2.3800512728782763
0.0
0.0
0.0
0.0
0.0
4.44541790962316
0.0
0.0
0.0
0.0
3.0766653031803486
0.0
6.5598343091277656
0.0
0.0
0.0
0.0
0.0
0.0
0.0
0.0
0.0
7.991236500212693
0.0
1.8970280563073203
0.0
0.0
4.6053628603276024
0.0
0.0
0.0
0.0
0.0
0.0
3.9218962508324893
0.0
4.9660314076134995
0.0
0.0
0.0
0.0
0.0
0.0
0.0
0.0
0.0
0.0
0.0
0.0
0.0
0.0
21.53427546378387
0.0
0.0
0.0
0.0
0.0
0.0
0.0
0.0
0.0
0.0
0.0
8.262394107292224
2.8781031228829477
0.0
0.3333673927182019
0.0
0.5795053126772984
0.0
0.0
0.0
0.0
3.3189479765989915
0.0
0.0
0.0
0.0
0.03727869181109611
0.0
18.50587037996604
0.0
0.0
0.3644453824140754
0.0
0.0
4.462433877158077
0.0
0.0
0.0
0.0
0.0
0.0
0.0
0.0
0.0
0.0
0.0
0.0
0.0
0.0
0.0
0.0
9.125413573770302
0.45969619700656494
0.0
0.0
0.0
0.0
0.0
0.0
0.0
2.8459402460494374
0.0
1.3433493686131328
0.0
0.0
0.0
0.0
0.0
3.6433605533990345
0.0
0.0
0.0
0.0
0.0
0.0
0.0
0.0
11.155962683629326
0.0
0.0
0.0
0.0
0.0
0.0
5.20040487103293
0.0
0.0
0.0
0.0
8.333746306593497
0.0
0.0
0.0
0.0
0.0
0.0
0.0
0.0
0.0
0.0
0.0
6.387306295732387
0.0
0.0
0.0
0.0
0.0
0.0
0.0
0.0
0.0
0.0
0.0
16.458099773805586
0.0
0.0
0.0
0.0
0.0
0.23083314963326984
0.0
0.0
0.0
0.991818772784967
0.0
0.0
0.0
0.0
0.0
0.0
0.0
0.0
0.0
0.0
0.0
2.764844707269802
2.5853655821893398
0.0
0.0
0.0
0.0
0.0
5.633568670326142
0.0
0.0
0.0
0.0
0.0
0.0
0.0
1.1144300291897196
2.2855880854397697
0.0
4.866035965370159
0.0
0.0
0.0
0.0
7.3635168828950555
0.0
4.120842032645527
0.0
0.0
0.0
0.0
0.0
0.0
0.0
0.0
0.0
0.0
9.507317184399739
0.0
0.0
0.568620457030903
0.0
0.0
0.0
0.0
0.0
0.0
0.0
2.4034181306675464
0.0
0.0
0.0
0.6043304228905981
0.10288952512770777
0.0
4.813077854381476
0.0
0.0
0.0
0.4908275942575102
0.0
0.0
12.028957584169277
0.0
0.0
0.0
13.372843246212398
0.0
0.0
0.0
0.0
0.0
0.0
7.557297215240112
0.0
0.0
0.0
0.0
0.0
0.926188862927745
0.0
0.0
0.0
0.0
0.0
0.0
3.082306867931379
0.0
0.0
0.0
10.450179392180289
0.0
0.0
0.0
0.0
0.0
5.324309560630638
0.0
0.0
0.0
0.0
0.0
3.6492638037585863
0.0
0.0
11.320391695341883
0.0
0.0
0.0
0.0
0.0
0.0
0.0
0.0
0.0
0.0
0.0
0.0
0.0
0.0
0.0
0.0
0.0
0.0
0.0
0.0
0.0
0.0
0.0
0.0
0.0
0.0
0.0
0.49870030934189913
0.0
0.0
0.0
0.0
0.0
0.0
0.0
5.232888189193218
0.0
0.0
0.0
0.0
0.0
0.0
0.0
0.0
10.334111068507454
2.550620274715172
0.0
9.778266230726402
0.0
0.0
0.0
0.0
0.0
0.0
0.0
4.634869347762091
0.0
0.0
0.0
0.0
11.65219550154896
0.0
0.0
0.0
0.0
8.318782801366268
0.0
5.568216205553654
0.0
0.0
0.0
0.0
0.0
0.0
0.0
0.0
5.9726770666330395
0.0
0.0
0.0
0.0
0.0
0.0
7.000100063217744
2.8814457083219196
0.8441613559629815
10.383733654177874
0.0
0.0
0.0
0.0
0.0
0.0
0.0
0.0
0.0
0.0
0.0
8.201231606002125
0.0
0.0
0.0
0.0
0.0
0.0
0.0
0.0
0.0
0.0
0.0
0.0
0.0
0.0
0.0
0.0
0.0
1.403924405299719
0.0
3.45273631398274
0.0
0.0
0.0
0.0
0.0
1.730267266992982
0.0
13.744156241580697
0.0
0.0
0.0
1.774858831070219
7.326279870360466
0.0
4.982723244580129
0.0
1.400551880458977
0.0
0.0
0.0
0.0
0.0
2.423070539521646
0.0
2.88282960841417
0.0
0.0
0.0
0.0
0.0
0.0
0.0
0.0
0.0
0.0
0.0
0.0
0.0
0.0
1.102330299812479
0.0
0.0
0.0
0.0
0.0
0.0
0.8185146433984443
1.0115805156798103
0.0
0.0
0.0
0.0
15.83004396731505
0.0
0.0
0.0
0.0
0.0
0.0
0.0
0.0
0.0
0.0
0.0
0.0
0.0
0.0
0.0
6.290453882666711
0.27235886435127554
0.0
0.0
0.0
0.0
0.0
0.0
0.0
0.0
0.0
0.0
2.831829006499845
0.0
0.0
0.0
0.0
0.0
0.0
0.0
0.0
0.0
0.0
0.410020443131188
0.0
0.0
0.0
0.0
0.0
13.42858564136776
0.0
0.0
0.0
0.0
11.345738138154047
0.0
0.0
0.0
0.0
0.0
0.0
0.0
0.0
0.0
0.0
0.0
0.0
0.0
1.7589391533881127
0.0
0.0
0.0
0.0
0.0
5.32737992987677
5.266114587221594
6.399962053984908
0.0
0.0
0.0
0.0
0.0
2.8760843366463718
0.0
0.0
0.0
0.0
0.0
0.0
0.0
0.0
0.0
0.0
0.0
0.0
0.0
0.0
3.374943169505329
0.0
0.0
0.0
0.0
0.0
0.0
7.366144758679653
0.0
0.0
0.0
0.7481025762005657
0.0
0.0
0.0
4.5466799394738615
0.0
0.0
2.8643710080029052
0.0
0.0
0.0
0.0
0.0
0.0
0.0
0.0
0.0
0.0
0.0
0.0
0.0
0.0
0.0
0.0
0.0
0.0
0.0
0.0
0.0
0.0
0.0
0.0
0.0
0.0
0.0
0.0
0.0
0.0
0.0
0.0
7.129547060549854
0.0
0.0
0.0
0.0
0.0
0.0
0.0
0.0
0.0
0.0
0.0
0.0
0.0
0.0
0.0
0.0
0.0
0.0
0.0
0.0
0.0
0.0
0.0
0.0
4.315932717388563
7.287555969003918
0.0
0.0
0.0
0.0
0.0
0.0
4.918182609675952
0.0
0.0
0.0
0.0
0.0
0.0
0.0
0.0
0.0
0.0
0.0
0.0
2.797038393301193
0.0
2.4405630890542795
0.0
0.0
0.0
0.0
0.0
0.47879717703290225
0.0
0.0
0.0
0.0
0.0
1.4408476123711864
0.0
0.0
13.21931554843681
0.0
2.7071736063496985
4.252843961297856
0.0
4.227710352247499
0.0
0.0
0.0
0.0
4.149151269736436
0.0
0.0
0.0
5.498599642505539
0.0
0.0
0.0
0.0
0.0
0.0
0.0
0.0
0.0
11.90346291777415
0.0
0.0
0.0
0.0
0.0
0.0
0.0
0.0
0.0
1.297092359991595
0.0
0.0
7.488179077528969
0.0
0.0
0.0
2.4289018698526945
0.0
0.0
0.0
0.0
0.0
0.0
9.347888313509316
0.0
0.0
0.0
0.046667398747089806
0.0
0.0
0.0
3.833004895640798
0.0
0.0
9.162152657162352
0.0
7.628690785051148
0.0
0.0
0.0
0.0
0.0
0.0
11.441889579151777
0.0
0.0
0.0
0.0
0.0
0.0
0.0
0.05068283356501979
0.0
0.0
4.129498930667381
0.0
0.0
0.0
0.0
0.0
0.0
0.0
2.748745526697789
0.0
0.0
0.0
0.0
0.0
0.0
2.443728339812992
0.0
1.3637546441938895
3.452424855579892
0.0
0.0
0.0
0.0
1.4227113437724341
0.0
0.0
1.9560355814387123
0.0
0.0
0.0
0.0
0.0
0.0
0.0
0.0
0.0
0.0
0.0
0.0
0.0
0.0
2.5600001284274327
0.0
0.0
0.0
0.0
0.0
0.0
1.3478392299836486
0.0
0.0
2.854969290412555
0.0
0.0
0.0
0.0
0.0
0.0
10.293211311898602
0.0
0.0
0.0
0.0
0.0
0.0
0.0
0.0
0.0
0.0
0.0
0.0
0.0
0.0
0.0
0.0
0.0
0.0
0.0
6.185156209123548
11.677192850896787
0.0
12.965458152027281
0.0
0.0
0.0
0.0
0.0
0.0
0.0
0.0
0.0
0.0
0.0
0.0
0.0
0.0
0.0
1.9563231243483443
0.0
0.0
0.0
0.0
0.0
2.6999332318358853
0.0
0.0
0.0
0.0
0.0
18.068190259689572
0.0
0.0
0.0
9.379593101394931
0.0
0.0
0.0
0.0
0.0
0.0
0.0
0.0
0.0
0.0
0.0
2.0351566521382836
0.0
0.0
22.17669850705832
0.0
0.0
0.0
0.0
0.0
0.0
3.721305682918924
0.0
14.547088229863377
0.0
0.0
0.0
0.0
0.0
0.0
5.314202364863718
3.6275122504845143
0.0
0.0
0.0
0.0
2.2421419500491595
0.0
0.0
13.148467738292794
0.0
0.0
0.0
5.917832484089047
0.0
0.0
0.0
0.0
0.0
0.0
0.0
0.0
0.0
0.29379353732458924
0.0
0.0
6.769130517979818
0.0
0.0
8.272105834080563
0.0
5.8303897998059995
0.0
0.0
2.146710299572945
0.0
0.0
0.0
4.065632864768446
0.0
0.0
1.8007252865844805
0.0
1.097654866030524
0.0
0.0
0.0
5.923902014934839
0.0
0.0
0.0
0.0
1.113034998029704
0.0
0.0
0.0
0.0
0.0
0.0
0.0
0.0
0.0
0.0
0.0
0.0
0.0
11.630758113449673
0.0
1.8049422383199243
0.0
0.0
0.0
0.0
0.0
3.8539011185131216
0.0
0.0
0.0
0.0
0.0
0.0
1.0198763610552675
0.0
0.0
0.0
0.0
0.0
5.634722260590806
0.0
4.111372192467812
3.560981404440028
0.0
0.0
0.0
0.0
0.0
0.0
0.0
0.0
0.0
0.0
0.0
0.0
0.0
0.0
0.0
1.4655527426287165
6.002645402295386
0.0
0.0
3.7487543806228985
0.0
0.0
0.0
2.9590174748839075
0.0
0.0
0.0
8.195293316937438
0.0
0.0
0.0
0.0
0.0
0.0
0.0
0.0
11.863989050034093
0.0
0.0
1.2934056874299529
0.0
0.0
0.0
0.0
0.0
0.0
0.0
0.0
0.0
0.0
8.97486499657019
0.0
0.0
0.0
11.209941014759423
6.406076112418361
1.7622487085902634
0.0
0.0
0.0
1.3752334781452618
0.0
0.0
5.928443187806323
0.0
0.0
0.0
0.0
0.0
0.0
0.0
0.0
0.0
5.05513158962863
0.0
0.0
0.0
0.0
0.0
0.0
1.3479592932570483
0.0
0.0
0.0
9.307868767917398
0.0
0.0
5.249147665766387
0.0
0.0
0.0
0.0
0.0
6.621654917194661
0.0
0.0
0.0
0.0
6.77147253394223
0.0
0.0
1.6871367453314718
0.0
0.0
0.0
0.0
0.0
0.0
4.038775421764029
0.0
0.0
0.0
0.0
0.0
0.0
0.0
0.0
0.0
0.0
0.0
0.0
0.0
0.0
0.0
0.0
0.0
0.0
0.0
0.0
0.0
0.0
0.0
0.0
0.0
0.0
2.3881077973238973
0.0
0.0
0.0
0.0
0.06270774315635208
0.0
0.0
0.0
0.0
0.0
5.606776511591534
0.0
0.378934366719335
0.0
2.3112319377760997
0.0
0.0
0.0
0.0
0.0
0.0
0.0
2.370266266743613
0.0
0.0
6.349694025630313
8.427517149388407
0.0
14.392546740735412
0.0
0.0
0.0
0.0
0.0
0.0
9.292715600115471
0.0
0.0
1.258804470581751
0.0
0.0
0.0
0.0
0.0
0.0
0.0
0.0
0.0
0.0
0.0
0.0
0.0
0.0
0.0
0.0
0.0
0.0
0.0
0.0
0.0
0.0
0.0
0.0
0.0
0.0
0.0
0.0
0.0
18.173152049187905
0.0
0.0
0.0
0.0
0.0
0.0
5.403447164780232
0.0
13.038727126633077
0.0
0.0
0.0
0.0
0.0
0.0
0.0
0.0
0.0
6.09746785119853
4.807402294373233
0.0
0.0
0.0
0.0
0.0
0.0
0.0
0.0
0.21045158191434155
0.0
0.0
0.0
0.0
0.0
0.0
0.0
0.0
0.0
0.0
0.0
0.0
0.0
0.0
0.0
0.0
1.8894429135473416
0.0
3.4119958681902887
0.0
0.0
0.0
12.922610358382116
0.0
8.40361742082736
0.0
0.0
0.4067903471009515
0.0
0.0
0.0
0.0
0.0
2.18910268170994
0.0
0.0
0.0
0.0
0.0
0.0
0.0
0.0
0.0
0.0
0.0
7.2564686773798
0.0
0.0
0.0
3.5978767883268574
0.0
0.0
0.0
0.0
0.0
0.0
0.0
0.0
0.0
0.0
0.0
3.9121926327029968
0.0
0.0
0.0
0.0
0.0
0.0
0.0
0.0
0.0
0.0
0.0
1.7038949331181357
0.0
0.0
8.515436306310036
0.0
0.0
0.0
0.0
0.0
0.0
0.0
0.0
0.0
0.0
0.0
0.0
0.0
16.933026399067515
0.0
0.0
1.8926638877606052
0.0
1.9700900509050854
0.0
0.0
0.0
4.654726452996201
0.0
0.0
0.0
7.304353363303406
0.0
0.0
6.554581510413087
0.0
0.0
0.0
0.0
0.0
0.0
0.0
0.0
0.0
0.0
0.0
0.0
0.0
0.0
0.0
0.0
8.49164042187138
0.0
0.0
1.2787075572045552
0.0
3.41736220655514
0.0
0.0
0.0
4.881264432414724
4.906684824953558
0.0
0.0
0.0
3.8106825076121
0.24233730513908824
0.0
0.0
0.0
0.0
0.0
0.0
0.0
0.0
0.0
0.0
0.0
6.590215413355182
0.0
0.0
0.0
0.0
0.0
0.0
0.0
0.0
0.0
11.400674472097279
0.0
0.0
0.0
0.0
0.0
0.0
1.1851449461753276
0.0
0.0
0.0
0.0
0.0
7.7085918919572265
0.0
0.0
0.0
0.0
0.0
0.0
0.0
0.0
0.0
0.0
0.0
0.0
0.0
0.0
15.476656360627487
0.0
0.0
0.0
0.0
0.0
0.0
0.0
0.0
2.152345598433982
0.0
0.0
0.0
0.0
1.4161309447199812
0.0
0.0
0.0
0.0
0.0
0.0
0.0
0.0
0.0
0.0
0.0
0.0
0.0
0.0
0.0
0.8345010614044668
0.0
0.0
0.0
0.0
0.0
0.0
0.0
0.0
0.0
0.0
0.0
0.0
0.0
2.803851111403148
0.0
0.0
2.342104696232127
0.0
0.0
0.0
1.754329575021245
0.0
0.0
5.735457922896757
0.0
1.532912211110073
21.271994428927826
0.0
0.0
0.0
0.0
0.0
0.0
0.13351795195949023
0.0
0.0
2.469522093289939
4.905943495537585
0.0
0.0
0.0
2.2924054113659196
0.0
0.0
0.0
0.0
0.0
0.14272381840481785
0.0
0.0
0.0
0.8415162395520923
6.024050523763677
0.0
0.0
0.0
0.0
0.0
0.0
0.0
0.0
0.0
0.0
0.0
0.0
0.0
0.0
17.668844747252763
0.0
3.77464463341488
0.0
0.0
0.0
0.0
0.0
3.7881791175356483
0.0
0.0
1.8865166417028973
0.0
0.0
0.0
0.0
0.0
0.0
0.0
0.0
0.0
0.0
0.0
0.0
0.0
0.0
0.0
0.0
0.0
0.0
0.0
0.0
3.0904516861567686
0.0
19.741377606371543
0.0
0.0
0.0
0.0
0.0
0.0
0.0
0.0
0.0
0.0
0.0
0.0
0.2569815251279124
0.0
0.0
0.0
0.0
0.0
0.0
0.0
0.0
0.0
0.0
0.0
0.0
7.981277784342382
2.877639397212988
5.970917071341674
0.0
0.0
0.0
0.0
0.0
5.021808711131229
0.0
0.0
2.0518838016524796
0.0
0.0
0.0
0.0
0.0
0.0
0.0
7.215858304637948
0.0
0.0
0.0
0.0
0.0
0.0
0.0
0.0
0.0
0.0
0.0
0.0
0.0
0.0
0.0
0.0
0.0
0.0
0.0
0.0
1.720203191334548
0.0
0.0
0.0
0.32053987411624973
0.0
0.0
0.0
0.0
2.949490807412687
0.0
0.0
0.0
0.0
0.0
0.0
0.0
0.0
0.0
0.0
0.0
0.0
0.0
0.0
0.0
0.0
0.0
0.0
0.0
0.0
0.0
0.0
0.0
0.0
0.0
0.0
0.0
0.0
0.0
1.380042178877801
0.0
0.0
0.0
0.0
0.0
0.0
0.0
0.0
0.0
0.0
0.0
0.0
0.0
0.0
0.0
0.0
0.0
10.844294415241151
0.0
0.0
0.0
0.0
0.0
0.0
0.0
0.0
0.0
0.0
0.0
0.0
0.0
0.0
0.0
0.0
0.0
0.0
0.0
1.1126363353246802
0.0
0.0
0.0
3.3464775851971496
0.0
4.441952921209378
0.6521014244919598
0.0
0.0
0.0
0.0
0.0
0.0
2.0852905543683704
0.0
0.0
2.049093731677914
0.0
0.0
0.0
0.0
0.0
0.0
0.0
2.427395014977492
0.0
0.0
0.0
0.0
0.0
0.0
0.0
0.0
0.0
0.0
0.0
0.0
0.0
0.0
0.0
0.0
0.4726457090685443
0.0
0.0
0.0
0.44684091955002714
0.0
0.0
0.0
0.0
0.0
0.0
0.0
0.0
0.0
0.0
0.0
8.087869388256024
0.0
0.0
0.0
0.0
0.26845014339478723
0.0
0.0
0.0
0.0
0.0
0.0
0.0
0.0
0.0
0.0
0.0
0.44139191363319696
0.5524861212424668
0.0
0.0
13.671993078371145
0.0
0.0
0.0
0.0
2.707249914436815
0.0
0.0
0.0
0.0
0.0
0.0
12.423965728201964
0.0
0.0
0.0
0.0
0.0
13.031631897200953
0.0
0.0
0.0
0.4669208246880032
0.0
0.0
0.0
0.0
0.0
0.0
0.8668145093444366
0.0
0.0
0.0
0.0
0.0
0.0
0.0
0.0
7.6487376206824536
0.0
0.0
0.0
0.0
3.5099805246688476
0.0
0.0
0.0
0.0
0.0
0.0
0.0
0.0
0.0
0.0
0.0
0.0
5.313100403462471
0.0
0.0
0.0
0.0
0.0
9.814119097066254
0.0
7.510716088261745
0.021221779530989693
0.0
0.0
0.0
0.0
0.0
0.0
0.0
0.0
0.0
0.0
0.0
0.0
0.0
0.0
0.0
5.958820669688663
6.015818836185275
0.0
2.335281301699311
0.0
5.161985529058583
5.149232692029514
0.0
0.0
0.0
1.6476907976144872
10.40878856099765
0.0
2.8394368439393105
0.0
0.0
0.0
9.603850396588342
0.0
0.0
0.0
0.0
6.599249267922403
0.0
0.0
0.0
4.56478216608356
0.0
0.0
0.0
0.0
0.0
0.0
0.0
5.830205941759246
0.0
0.0
0.0
0.0
0.0
0.0
0.0
0.0
1.9426817052952003
0.0
0.0
0.0
0.0
0.0
0.0
0.0
0.0
0.0
0.0
0.0
0.0
0.0
0.0
0.0
11.673669932196788
0.0
0.0
0.0
0.0
4.260708509199063
0.0
0.0
10.465886121127767
0.0
0.0
0.0
0.0
0.0
0.4474261411624525
5.927802339653539
0.0
0.0
0.0
0.0
0.0
0.0
0.0
0.0
0.0
0.0
0.0
0.0
0.0
5.14963342987609
0.0
0.0
0.0
0.0
0.0
0.0
0.0
9.741666513131577
0.0
0.0
0.0
2.364765089847211
0.0
0.0
0.0
1.0126274342854629
5.69258939578711
0.0
20.94816485923755
0.0
5.2731867378251565
0.0
0.0
0.0
0.0
0.0
0.0
0.0
0.0
0.0
0.0
2.502348896519436
0.0
0.0
0.0
0.0
0.0
0.0
0.0
0.0
0.0
4.833483263242613
0.0
0.0
0.0
0.0
0.0
0.0
0.0
0.0
8.98675946422226
0.0
0.0
12.390877527561258
0.0
0.0
0.0
5.6178623260166205
0.0
0.0
0.0
0.0
0.0
0.0
6.513037714091908
0.0
0.0
0.0
0.0
0.0
0.04522068988482886
0.0
0.0
4.528659975297643
0.0
20.718107092651167
0.0
0.0
0.0
10.201551325445266
0.0
0.0
0.0
0.0
0.0
5.899779868288647
9.07731511670201
0.0
8.78620405798695
0.0
1.13126621389587
0.0
0.0
0.0
0.0
0.0
0.0
5.587120510579965
0.0
15.498747706394298
0.0
0.0
0.0
0.0
3.5331429732180766
0.0
0.0
10.334484046100542
0.0
0.0
1.075608005456587
0.0
0.0
0.0
10.187527004365762
4.260040530444783
0.0
0.0
0.0
0.0
2.2133684279338297
8.144885713173423
0.0
0.0
0.0
0.0
0.0
0.0
0.028809263211883263
0.0
0.0
0.0
0.0
0.0
0.0
0.0
0.0
0.0
0.0
9.036918254910987
0.0
0.0
0.0
0.0
5.859112470770526
5.679117536194866
0.0
0.0
0.0
0.0
1.245341135181448
0.0
0.0
0.0
0.0
0.0
0.0
0.0
0.0
9.56201294609771
0.0
1.5432780127868426
0.0
10.516958139242462
0.0
0.0
0.0
0.0
0.0
0.0
0.0
0.0
0.0
0.0
0.0
0.0
0.0
0.0
0.0
0.0
2.230016251413133
0.0
0.0
0.0
13.19055530320965
11.613521084461311
0.0
0.0
0.0
0.0
0.0
0.0
0.0
0.0
0.0
1.866385493906634
22.606496778072113
1.7208323665386303
0.0
0.0
0.29212686942304344
9.677541618274375
0.0
0.0
0.0
0.0
0.0
0.0
0.0
0.0
0.0
0.5418440429163098
0.0
2.5673838217813483
14.479086549040488
0.0
6.817953574108429
7.663588776683213
0.0
6.0082634840592135
1.8642946324372218
0.0
0.0
0.0
0.0
0.0
0.0
0.0
0.0
0.0
0.0
0.0
7.031820808911931
0.0
0.8329249574662327
0.0
0.0
0.0
0.0
0.0
4.1652141052792615
0.0
3.083073709543953
0.0
0.0
