31.034636163339087
0.0
0.0
0.0
0.0
0.0
0.0
0.0
2.9254979390947113
0.0
8.45899121133563
0.0
0.0
0.0
8.479732860457432
0.0
0.0
5.874987393994886
0.0
0.0
0.0
0.0
0.0
0.0
0.0
14.800903918800302
0.0
0.0
5.913606833420246
0.0
0.0
0.0
0.0
27.978318731783872
11.70254800891793
0.0
28.446489752367143
17.061840840687566
11.867131917186853
0.0
0.0
0.0
11.386008911439433
16.14547802478799
0.0
0.0
0.0
0.0
0.0
0.0
0.0
0.0
0.0
0.0
0.0
0.0
19.7160519012275
0.0
26.857067236954606
0.0
0.0
4.151547320675476
20.149097826650262
0.0
10.428701114720042
0.0
0.15238884257314567
0.0
27.70689383622866
12.410760654845518
0.0
0.0
16.02920330010403
0.0
0.21504546758013987
0.0
0.0
0.0
0.0
0.0
0.0
0.0
0.0
0.0
0.0
0.0
2.541138043772193
0.0
12.710560460165425
0.0
0.0
0.0
0.13343197094548032
0.0
0.0
0.0
0.0
0.0
0.0
13.10146944686906
7.818203590953658
0.0
0.0
0.0
7.666046396486308
0.0
0.0
0.0
0.0
0.0
0.0
0.0
0.0
0.0
0.0
10.910846240443348
0.0
0.0
0.0
0.0
0.0
0.0
0.0
0.0
0.0
22.70596548569287
0.0
3.564922993624677
9.856079258576656
0.32768509001266466
0.0
0.0
0.0
0.0
0.0
0.0
1.7331926690707178
15.698178132426065
0.0
4.78209468931297
0.0
4.895603787240944
7.14453316837772
0.0
0.0
1.376745958395432
0.0
0.0
34.698710827119925
0.0
0.0
0.0
0.0
0.0
10.6798590032286
12.76719850686014
0.0
0.0
8.999149896772664
0.0246329578901765
16.910969323498747
0.0
2.3542179028168277
24.666266074865604
0.0
0.0
0.0
0.34358465263646565
0.0
5.21669329305837
0.0
0.0
0.0
0.0
13.04221922459935
0.6840788946487919
0.0
0.0
0.0
0.0
0.0
0.0
0.0
0.0
32.16661398309674
9.193072112931816
4.0035224978707475
0.0
0.0
0.0
28.015560243165112
7.89769473033347
0.0
2.1698891388681147
0.0
0.0
0.0
39.212412671336295
0.0
0.0
14.272232872458943
0.0
0.0
0.0
9.371975702049355
0.0
0.0
0.0
0.0
0.0
4.181376238185024
3.446780900811021
30.257269150440322
0.0
5.7665685491228516
8.783330191939996
0.0
0.0
0.0
0.0
0.0
0.0
0.0
0.0
0.0
0.0
0.0
0.0
0.0
0.0
0.0
19.61790867008932
0.0
0.0
5.026964441365152
25.71589406036432
0.0
0.0
1.9061120353551786
6.124560039370621
12.676707060521139
0.0
46.88607497307049
0.0
0.0
0.0
15.385155012275362
0.0
29.600562005594384
0.0
0.0
9.856437676139919
0.0
0.0
0.0
7.236007903182781
0.0
17.05142158624929
0.0
14.94869340711601
0.0
3.560376732753028
0.0
0.0
0.0
2.089322221695639
17.975877436529885
3.260894152196286
0.0
0.0
0.0
0.0
27.566612358004164
0.0
0.0
0.0
0.0
0.0
0.0
0.0
0.0
4.749749479889601
3.5373271896298064
0.0
0.0
0.0
0.0
0.0
5.534436939046898
9.458889873027616
0.0
0.0
2.9623666490838474
0.0
12.385148069719492
0.0
0.0
0.0
0.0
0.0
0.0
0.0
0.0
0.0
0.0
0.0
0.0
6.386319322195405
19.48290624723606
0.0
40.29497477885721
0.0
0.0
0.0
0.0
0.0
0.0
0.5374094099161368
15.354318804175648
5.823279169747465
21.940682010207013
6.053778043804229
0.0
0.0
0.0
0.0
2.9892233206957144
0.0
0.0
0.0
0.0
0.0
5.101602592950499
7.680365065094605
8.360065543339914
0.0
4.93823828128383
0.0
0.0
0.0
0.0
0.0
0.0
41.38573692976888
0.0
15.790086711909638
0.0
0.0
4.983041848792922
0.0
9.85136656722706
0.0
10.11403491931604
0.0
0.0
0.0
0.0
0.0
7.347747848861175
2.511625179644682
11.051034836615315
8.741251837119421
10.152579520244728
0.0
0.0
0.0
0.0
14.487636148425878
0.0
0.0
0.0
0.0
0.0
2.9615509903076287
0.0
0.0
0.0
0.0
20.00016170682167
0.4629879174774487
0.6653271177695785
0.0
0.0
0.0
24.771434491513077
23.094504582123278
0.0
0.0
0.0
0.0
10.058828582410328
28.13619069772861
5.821278224359531
0.0
7.142098003239127
33.59809616070328
0.0
0.32494798958362026
11.601371859742457
0.0
0.0
0.0
0.0
0.0
36.18033756214359
0.0
26.749313428638146
0.0
0.0
11.838267176854941
0.0
5.394413918851683
0.7455691630132293
0.0
25.962058036568266
0.0
2.390179391288015
0.0
0.0
27.308741452113907
0.0
0.0
0.0
0.0
0.0
0.0
0.0
0.0
2.52038997101549
0.0
0.0
0.0
0.0
0.0
0.0
1.0573131840359338
0.0
0.0
4.05189778712348
12.476085594270884
0.0
18.56730967322474
0.0
44.35884887854934
0.0
11.056980035067724
5.726145993210679
0.0
1.7050566477526985
0.0
11.416852594108988
0.0
0.0
0.0
10.898785669394968
0.0
0.0
0.0
0.0
0.0
5.90060201032027
0.0
1.2111249028707363
17.94847944914946
0.0
0.0
0.0
3.463810794050147
0.0
0.0
4.871089055473547
35.79658018403535
0.0
0.0
12.133164570538085
0.0
0.0
0.0
0.5084278440219236
0.0
0.0
0.0
0.0
0.0
14.190377790684167
0.0
24.137244834236952
0.0
0.0
0.0
7.079879255452681
0.0
0.0
0.0
5.512068413977502
0.0
22.396052489419276
0.0
0.0
0.0
0.0
0.0
1.7899198424059364
0.0
0.0
0.0
0.0
17.456862970168203
0.0
0.0
0.0
23.04968354891895
17.617078374749042
0.0
0.0
0.27901852253890524
3.59510875826912
0.0
32.538754285902286
0.0
5.981673186485324
0.0
0.0
1.5737541539326685
0.0
0.15004955584107904
0.0
1.9527458867071914
0.0
0.0
33.24363560823775
0.0
0.0
0.0
8.302773862496807
0.0
0.0
19.23860810769918
17.113740914848606
0.0
3.5348027223727456
0.0
27.24920175998821
0.0
0.0
0.0
0.0
0.0
0.0
1.415042347307292
0.0
9.973005038037059
0.0
0.0
0.0
0.0
0.0
30.864526206039585
0.0
6.095774242210879
23.50247396887565
0.0
0.0
0.0
0.0
12.957266471353037
0.026140151428023728
0.0
24.73031138998303
0.0
0.0
0.0
0.0
21.982413780310083
11.534302154606678
0.0
4.555215409756585
10.111569405685458
0.0
0.0
0.0
25.78362346000651
0.0
0.0
0.0
0.0
26.807214030625204
0.0
0.0
0.0
0.0
0.0
0.0
0.0
0.0
0.0
0.0
5.319011017514612
14.345647249651137
0.0
0.0
0.0
50.380272911759164
0.0
0.0
0.0
0.0
0.0
0.0
0.0
0.0
0.0
0.0
0.0
26.353389022220284
0.0
8.714184171814225
19.081464223374837
0.0
19.262702487052167
0.0
0.0
0.0
3.2397030003875926
12.496643266794948
0.0
0.0
0.0
1.2372696449842095
0.0
0.0
2.513107667692381
22.781130075445816
0.0
0.0
0.0
7.426486943524864
0.0
0.0
0.0
0.0
0.0
6.680319025292491
0.0
0.0
0.0
8.653758801710339
0.0
2.526999192312303
0.0
0.0
0.0
19.82388677554428
18.690482467262598
15.535845479727584
5.285254047883228
0.0
0.0
6.358684063837444
18.337296470925565
19.26042489101195
0.0
0.0
4.553621875580362
13.638547980976597
0.0
0.0
0.0
0.0
0.23063005663863123
0.0
0.0
13.202142979482858
0.0
22.147095310556438
0.0
0.0
7.823392501258425
0.0
0.0
0.0
0.0
0.0
0.0
0.0
0.0
16.119684913167646
0.0
0.0
1.6386594348156507
0.0
0.0
0.0
0.0
7.837820104632499
0.0
1.8708789610759737
31.190684280485755
0.0
0.0
9.965743024542164
0.0
0.0
0.3684365408960133
0.0
0.0
0.0
0.0
4.5448605300873055
0.0
17.758549279576968
0.0
0.0
5.77873083615259
0.0
0.0
0.0
0.0
0.0
0.0
0.0
0.0
6.136756109840462
0.0
0.0
0.0
0.0
23.000454541643023
0.0
0.0
3.0398611288364066
0.0
3.1066671007477282
3.2432585126113196
0.0
0.0
0.0
0.0
0.0
2.7194934373407307
0.0
0.0
0.0
2.3070454254210233
0.0
9.891960703730803
0.0
2.537038582813608
11.180862121617693
10.875295776237579
0.0
0.0
0.0
0.0
2.317876148929571
0.0
0.0
0.0
0.0
0.0
3.604819491675485
1.5962370509080586
20.995717935189305
0.0
0.0
0.0
0.0
0.0
0.0
18.987324244976605
20.472565347773156
0.0
0.0
0.0
0.0
0.6184118387253221
10.499174599675541
3.687660964615816
5.639396832567243
0.0
0.0
0.0
5.439626101322531
0.0
0.0
0.0
0.0
0.0
5.642320465916086
7.940991560441233
0.0
18.989871543046092
0.0
0.0
0.0
0.0
0.0
0.0
3.724898871323518
29.564796709166558
0.0
0.0
1.1388146501948881
0.0
8.761277657526506
0.0
0.0
0.0
3.887622309218429
0.0
0.0
17.969820670731465
0.0
17.21598566418811
0.0
0.0
0.0
10.728157051543931
0.0
0.0
0.0
18.793719611398615
10.014690016513072
0.0
0.0
13.903476339309023
0.0
0.0
0.0
0.0
33.11367345332542
0.0
0.0
0.0
0.0
0.26063254724400053
0.0
15.911447763207121
0.0
0.0
8.513723958724924
0.0
15.102616489318649
0.0
3.626563850115488
0.0
0.0
8.187165466124156
3.242521012916356
0.0
12.647401691038297
15.945349727550138
45.97182496249772
0.0
0.0
0.0
17.61395647631916
1.9279938215311745
0.0
0.0
0.0
0.0
0.0
0.0
0.0
0.0
4.6552015282919115
0.0
0.0
26.19348602468284
0.0
16.421850178416392
6.597169813097324
0.0
0.0
0.0
0.0
0.0
0.0
4.545154714040407
0.0
0.0
0.0
3.389528889865005
0.3554937396546336
0.0
13.607782125520416
35.9202444283074
0.0
0.0
0.0
19.20329382925874
0.0
1.5041158818022637
0.0
0.0
0.0
0.0
0.0
0.0
16.415166249813836
9.046928663554795
22.239062850468912
0.0
0.0
0.0
0.0
21.786534405461595
0.7922726759184542
27.621349777151607
0.0
0.0
0.0
0.0
0.0
0.0
14.916726835741656
1.0916570308093156
12.188265976693074
3.085725698295562
0.0
0.0
0.0
0.0
0.0
0.0
0.0
0.0
0.0
0.0
0.0
0.0
0.0
0.0
15.594789439308272
0.0
5.926950024202341
0.0
0.0
0.0
0.0
0.0
0.0
0.0
1.800074458372137
0.0
0.0
0.0
25.549567383021866
0.0
0.0
2.035014646929824
0.0
1.6730587602125269
0.0
0.0
0.0
0.0
0.0
0.0
0.0
0.0
0.0
16.910913162739476
7.843898337435846
0.0
14.813464875295551
0.0
0.0
0.0
0.0
10.10626004944514
0.0
0.0
0.0
0.0
9.28421563257686
37.90135086896919
0.0
20.281976692832302
0.0
2.1990928074386886
0.0
0.0
1.332513844670629
0.0
15.576377048457402
0.0
11.491066200080411
0.0
0.0
0.0
0.0
0.0
10.862015955508966
0.0
0.0
0.0
0.0
0.0
0.0
0.0
0.0
0.0
5.48448435700665
6.895574364848699
0.0
0.0
26.552974379766084
0.0
2.045730679131296
0.0
4.43485702947757
0.0
0.0
0.0
0.0
0.0
26.617390371552347
13.151603304736682
4.583702986317647
9.436006328484481
0.0
0.0
0.0
0.0
0.0
0.0
0.0
24.50525773116547
13.636442930953876
16.299203063030504
0.0
0.0
0.0
0.0
0.26484170218856207
0.0
0.0
1.7722206158794478
0.0
1.9649091028688446
0.0
0.0
0.0
3.63591774537565
0.0
0.0
0.0
0.0
0.0
0.0
0.0
11.153195757354567
0.0
4.092983701983428
0.0
6.095393532675942
0.0
36.72657333190031
0.0
0.0
0.3094002080672311
20.975917907909405
0.0
0.0
0.0
8.4118044442679
0.0
17.62502684654639
0.0
0.0
0.0
0.0
0.0
0.0
0.0
0.0
0.0
0.0
0.0
0.0
0.0
5.513363375550938
5.5753075520981525
17.572654920167295
13.970014219119534
0.0
0.0
0.0
0.0
10.81959099236299
11.767483328258805
0.0
17.927158900405473
0.0
0.0
0.0
8.244876765602356
0.0
0.0
0.0
0.0
0.0
2.044220143368733
7.64827295992032
0.0
0.0
0.0
0.0
0.0
0.0
0.0
0.0
0.0
0.33424082504919284
0.0
12.14176187183189
0.37965802846105134
19.59314449065363
0.0
0.0
2.0760266046633546
2.9737010037219704
13.638000251384128
0.0
0.0
0.0
0.0
18.14770630128129
0.0
16.858597358443575
0.0
0.0
0.0
20.45532292756127
0.0
0.0
0.0
0.0
0.0
0.0
10.206611460940579
6.29104805160209
6.261291340944666
0.0
2.734777418943793
19.57054316016908
0.0
0.0
0.0
4.032308108051225
0.0
0.0
0.8199092282685569
0.0
0.0
0.0
14.686220436617091
0.0
1.104098471992728
0.0
12.569011046559623
16.307370135463813
0.0
16.442115297297264
0.0
0.0
1.207686861639658
0.0
7.023734947956967
20.257003809659352
0.0
0.0
0.0
0.0
0.0
0.0
6.691828072060389
0.0
29.627330314571765
0.0
0.0
0.0
0.0
6.609104963226017
15.238554085234767
18.894783779446755
0.6036323692163705
13.738847822945587
0.0
0.0
0.0
0.0
0.0
0.0
0.0
0.0
0.0
0.0
0.0
0.0
4.396744985552942
0.0
0.0
12.62845917418447
0.0
19.538117416662317
0.0
0.0
0.0
10.89475613098773
0.0
14.62919501718298
3.302145033469074
28.523379521093403
0.0
11.529832383760407
0.0
12.433135766999087
19.829217652977718
6.0183653578004765
0.0
0.0
0.0
0.0
0.0
0.0
41.646240088442596
0.0
16.9708322207417
10.106096461806075
0.0
5.372287117753174
21.266800638477918
0.0
8.794605531913518
7.5219131422900745
2.1639249840104924
15.699878959636024
0.0
0.0
0.0
8.965018650552821
0.0
0.0
0.0
0.0
21.03224798755201
0.0
26.708986968097776
2.3505919878399197
0.0
0.0
0.0
0.0
0.0
14.544081129939343
0.0
0.0
0.0
0.0
0.0
0.0
0.0
0.3637964800011275
0.0
0.0
8.535042691562154
11.304448537692608
0.0
0.0
4.344488065162466
0.0
47.33832699163381
30.491468432683632
0.0
0.0
5.066881550301318
0.0
11.847544936656718
0.0
0.0
17.883673452224613
8.988987875812839
0.0
0.0
3.38083146783994
9.38803733520433
0.0
0.0
0.0
0.0
0.0
0.0
0.0
33.992384148316376
8.1543473348447
0.0
0.0
0.0
0.0
0.0
35.988520953378156
0.0
0.0
23.187618891387217
12.255954934641665
0.0
0.0
24.501620181098247
0.0
28.730304684831793
0.0
4.902436428706494
3.456162603302289
0.0
0.0
0.0
0.0
0.0
0.0
0.0
0.0
0.0
2.230163107919992
0.0
0.0
11.380680737559857
0.0
0.0
14.686397609905967
0.0
0.0
0.0
0.0
0.0
0.0
0.0
0.0
0.0
0.0
0.0
0.0
0.0
18.909820726738474
0.0
0.0
8.85380355655893
21.633861334434158
0.0
0.0
0.0
13.646751038946562
0.0
0.0
0.0
0.0
0.0
0.0
0.0
0.0
0.0
0.0
0.0
0.0
3.2754003946070753
0.0
0.0
0.0
0.0
0.0
0.0
30.424097053860493
0.0
20.280919870156396
0.0
0.0
0.0
43.71714705484598
20.06769569617211
14.007282671783031
0.0
0.0
3.0864086159932214
0.0
0.0
0.0
0.0
0.0
0.0
0.0
0.0
0.0
7.643464018979444
0.0
4.598101094996025
0.0
0.4981628788238339
9.706204790749254
20.3085760853171
0.0
0.0
0.0
2.5940008957022798
0.0
0.0
0.0
0.0
0.0
2.546007647626922
3.4908428616830207
0.0
0.0
0.0
0.0
13.54328808659055
0.0
0.0
2.3916822755408873
0.0
9.924965016934507
8.272817565214382
0.0
0.0
0.0
0.0
0.0
0.0
0.0
0.0
0.0
11.507798953960474
8.476067993677006
19.68966051115399
0.0
0.0
0.0
0.0
0.0
0.0
30.008037892540244
3.5229111225164047
0.0
32.463177271151324
0.0
0.0
0.3096581820667552
0.0
15.18892005135497
0.0
8.331657303621995
0.0
0.0
0.0
0.0
5.476851333874336
0.0
0.0
31.049128429757445
0.0
0.0
0.0
0.0
14.302957704719645
16.777841689828506
0.0
0.0
0.0
13.290284919252812
0.0
0.0
12.331146463457955
14.131214920008816
0.0
0.0
0.0
0.0
7.3113344323102325
1.666839027879675
0.0
0.0
0.0
28.61150309675159
18.417109975952286
0.0
0.0
0.0
0.0
3.4969184251663847
0.0
0.0
8.17163200191159
27.71564446914971
0.0
0.0
0.0
13.322539368867297
0.0
5.1003415298205255
0.0
21.058023090664847
0.0
0.0
0.0
23.68575177513759
0.0
0.0
0.0
0.0
0.0
0.0
0.0
0.0
0.0
0.0
14.248181345845296
0.0
14.053912482091718
0.0
0.0
16.904915837645788
2.953505458576984
0.0
0.0
9.724938580898382
0.0
12.062565710160555
0.0
0.0
9.788121035491699
0.0
3.844402266434699
0.0
0.0
0.0
0.0
8.813488929776597
0.0
3.2921665462714884
9.623101341605903
9.954111587668251
30.688852693329892
0.0
0.0
0.0
0.7105186883509731
4.91056910963394
0.0
18.39990422508106
4.076607851424384
0.0
0.0
0.0
20.397910374183482
0.0
4.744874099059018
11.779196493433389
0.0
0.0
0.0
5.7065511413834145
0.0
0.0
0.0
0.0
0.0
0.0
0.0
0.0
0.0
6.612563408719282
39.336582422078266
0.0
0.0
11.883879208871349
0.0
2.7639524198981604
0.0
0.0
0.0
15.50166608101712
2.593498552457305
10.649027541862296
2.4540804987979357
10.950819167380288
0.0
0.14439848936312671
0.0
20.666671442491435
0.0
0.0
0.0
38.28934089241801
16.264256731319975
0.14922169430938936
0.0
0.0
3.730064229639595
0.0
2.2034511671453743
0.0
0.0
0.0
0.0
0.0
0.0
0.0
3.546223623149416
0.0
0.0
0.0
0.0
0.0
3.811143841572516
0.0
0.0
2.8759067679297345
0.0
2.5455282028879225
0.0
0.0
0.0
0.0
17.178585773639
0.0
0.0
0.0
22.9466982156562
0.0
44.64321274749622
0.0
0.0
0.0
0.0
0.0
21.019105610615895
0.0
0.0
0.0
0.0
0.0
0.0
25.041158880445437
39.120345419001495
0.0
38.98634201798873
5.5820445240682375
0.0
0.0
0.0
0.3790850443873808
11.66703380023418
22.110878352256805
0.0
9.198456981265963
0.0
0.0
0.0
2.3982269029286414
0.0
6.077803768476272
0.0
0.0
0.0
0.0
0.0
0.0
14.273468313358876
0.0
6.247218114408042
5.606489608843489
0.0
0.0
0.0
0.0
0.0
0.0
0.0
0.0
12.926591370862269
0.0
0.0
31.26566826081475
9.173694045780707
0.0
26.659697152012313
6.47882521918163
0.0
0.0
0.0
0.0
15.182169011469654
0.0
49.17983143353811
0.0
0.0
1.4246237541200344
0.0
0.0
0.0
0.0
28.43179718514284
0.0
0.0
0.0
22.595549483768536
0.0
15.552749899485136
0.0
0.0
1.3750585109427504
0.0
0.0
0.0
0.3848999283482186
0.0
0.0
0.0
0.0
0.0
1.013969917471897
0.0
0.0
0.0
0.0
0.0
17.55154030990012
0.0
0.0
0.0
0.0
5.061562737808757
0.0
0.0
0.0
12.107534182276893
0.0
0.0
5.2542577444413325
12.313342447484644
0.0
0.0
0.0
0.9773639876384408
0.0
0.0
0.0
6.3749937847768905
0.0
0.0
0.0
0.0
0.0
0.0
2.842013943354033
0.5425134502034865
0.0
15.592080447038086
0.0
11.775964339967288
0.0
0.0
0.0
0.0
0.0
25.94271115535085
0.0
0.0
0.0
0.0
0.0
0.0
0.0
9.980390518024578
13.104374061382117
0.0
6.728700226418098
6.20180491217468
0.0
7.051722593637493
0.0
0.0
0.0
0.0
0.0
33.302853446164534
0.0
20.06710112883823
0.0
0.0
0.0
5.263734169998699
4.837314967840896
10.178355313426664
0.0
0.0
0.0
0.0
0.0
10.82566017529328
0.0
0.0
0.0
0.0
0.0
0.0
19.988069723361633
29.29636082155747
0.0
0.0
1.942199597746722
4.618006852348259
59.027502201744
0.0
0.0
0.0
0.0
9.695653842368358
0.0
0.0
0.0
31.928068148434193
0.0
8.358049343133573
0.0
0.0
44.7067508348909
3.3788001901210833
0.0
0.0
1.6692522516288903
0.0
0.0
0.0
0.0
4.49481465630582
10.317625880806204
0.0
3.2500299223234634
0.6449631561067122
0.0
0.0
0.0
0.0
0.0
0.0
0.0
1.127834460627838
0.0
4.677549142886534
0.0
0.0
0.0
0.0
16.33081730362811
0.0
0.0
0.0
5.186302583916742
0.0
0.0
0.0
1.8713844783043356
0.0
0.0
1.134756141923532
0.0
0.0
0.0
0.0
0.0
4.26854953938647
48.29892378551992
2.084778555896605
0.0
0.0
2.056573624348758
16.65912417320348
0.0
0.0
9.38054303166507
0.0
0.0
0.0
0.0
0.0
0.0
0.7081461807051141
0.0
6.558909212707917
0.0
1.2368535418694222
0.0
0.0
3.6913972423707406
0.0
0.0
9.11812452120715
23.594120973258413
0.0
4.8362125574215895
17.4562159021215
0.0
0.0
18.888377741925467
0.0
5.648868371104513
8.472409027398172
0.0
9.885817809375737
0.0
0.0
9.855598957336369
0.3095533904537717
0.0
0.0
0.0
12.295887805880298
0.0
0.0
0.0
0.0
0.0
0.0
0.0
0.0
0.19533628520234458
0.0
0.0
0.0
0.0
4.237151627301159
9.98928375124676
0.0
0.0
21.136714934696613
0.0
0.0
0.0
0.0
22.240320653013924
0.0
18.810392015326926
0.0
0.0
9.977613449435694
0.0
0.0
7.47614534152747
9.984399176819807
0.0
0.0
29.680867454494063
5.615316171584226
0.0
20.570551436441775
0.0
5.553497716371069
0.0
0.0
0.0
0.0
0.0
0.0
0.0
8.599072850931577
0.0
0.0
0.0
0.0
0.0
0.0
0.0
0.0
0.0
0.0
0.0
0.0
0.0
0.0
0.0
12.8020297952325
0.0
0.0
0.0
0.0
12.607791725547472
0.0
0.0
0.0
0.0
2.8434829944127245
0.0
0.0
0.0
0.44303483923205533
0.0
6.91457221150236
0.0
0.0
0.0
0.0
3.0073336410359417
0.0
0.0
7.878312670170374
0.0
0.0
0.0
0.0
0.0
1.8434402850763263
0.0
0.0
0.0
0.0
0.0
0.0
33.344652669962215
3.992382378469941
0.0
0.0
0.0
0.0
0.0
0.0
0.0
0.0
0.0
0.0
9.559082572488151
0.0
12.403182758806778
0.0
0.0
2.5299573718520776
0.0
9.798652843096676
26.26888569040284
0.0
0.0
5.806219430869177
0.0
11.040435866312038
0.0
0.0
0.0
0.0
29.909401750481038
9.041321266429307
0.0
0.0
0.0
14.55947669557085
6.048623359179743
0.0
0.0
3.6893135465778215
0.0
9.90412605948788
0.0
0.0
0.0
0.0
13.440079742036971
0.0
0.0
27.245504584102832
0.0
0.0
0.0
0.0
0.0
0.0
12.881555041568149
0.0
0.0
0.0
9.520284234970603
0.0
8.2135226612248
0.0
0.0
0.0
0.0
27.608917434465297
0.0
0.0
4.396050379781272
0.0
11.541663345202778
0.0
0.0
0.0
0.0
0.0
0.33964080624716075
2.083510119057692
11.101465066966199
0.0
0.0
1.768476337483321
0.0
0.0
21.948121801754354
0.0
0.0
0.0
0.0
15.052043044492805
0.0
23.304511661773944
0.0
0.0
0.0
16.26260164269401
0.0
1.0380129252508112
0.0
0.0
0.0
0.0
0.0
0.0
0.0
23.431182553684806
0.0
5.905123420257482
9.471255406465147
0.0
13.70119453430317
0.0
6.16920118274389
0.0
0.0
32.025372339900514
0.0
16.137019320990774
0.0
0.0
0.0
3.4260081268225377
0.0
8.962551486316798
0.0
0.0
6.133786277762638
0.0
18.6604097261295
0.8233827179798254
0.0
7.319795735782648
0.0
0.0
3.7466362014340717
0.0
0.0
8.42324854978719
0.0
0.0
0.0
21.887288612810266
8.46150253902556
0.0
0.0
0.0
0.0
0.0
0.0
4.571283075672895
15.451415529637003
0.0
7.533695920588755
0.0
0.0
14.532495920050195
0.0
5.856460938354928
0.0
0.0
0.0
0.0
0.0
0.0
0.0
0.0
0.0
16.932401959505725
0.0
0.0
0.0
22.445266192888738
0.0
0.0
0.0
0.0
18.290633109139094
0.0
0.0
6.987435100756002
0.0
0.0
0.0
0.0
0.0904443707313618
0.0
0.0
0.658446539158291
0.0
0.0
0.0
0.0
0.0
24.193041404955693
21.461594669935295
29.185467713943837
0.0
20.692122393640915
0.0
0.0
8.420332201965735
0.0
0.0
0.0
0.0
0.0
0.0
1.4262312503572474
0.0
0.0
0.0
0.0
0.0
0.0
0.0
16.388036759652778
0.0
0.0
0.0
0.09226149923379978
7.995984591082859
0.0
14.035808465906655
0.0
0.0
0.0
0.0
0.0
0.0
0.0
0.0
0.0
0.0
0.0
0.0
6.3376054379780555
0.0
0.0
0.0
0.0
0.0
0.0
10.508351215899083
0.0
0.31310063862972015
0.0
2.4671277988403517
1.5557179691838172
0.0
18.072744061819265
0.0
0.0
22.254984786299104
0.0
0.0
0.0
0.0
0.0
0.0
12.548110183195021
5.579351997031452
0.0
0.0
0.0
0.0
0.0
12.80322970121452
0.0
0.0
0.0
0.0
0.0
11.60830352840074
0.0
1.5957159777515244
20.89947031379029
0.0
0.0
0.0
0.0
0.0
0.0
0.0
0.0
0.0
0.0
0.0
37.17785749538592
33.24258297297192
0.0
0.0
4.97564491290801
0.0
22.5008972011575
0.0
0.0
0.0
0.0
0.0
0.0
0.0
0.0
0.0
0.0
0.0
14.629937087908516
0.0
4.194262066594192
0.0
19.865074467712844
0.0
0.0
0.0
0.0
0.0
0.0
0.0
9.2547197389124
0.0
0.0
0.0
5.3608438029973655
0.0
0.0
3.9024411167427644
0.0
20.706171201720707
0.0
0.0
0.0
0.0
15.336192627736963
0.0
0.0
0.0
0.0
0.0
0.0
0.0
5.082262395363543
2.3467423256285826
0.0
6.318293925315643
0.0
21.466939146842435
6.502078036551438
0.0
6.674605815212416
3.040191036417127
37.37757991307464
0.0
0.0
0.0
17.71541969790661
0.0
1.562917631813633
0.0
14.095779808621856
0.0
0.0
0.0
1.9774462311074927
21.518714964995212
0.0
0.0
14.259326982634079
0.0
0.0
37.53849413229344
0.0
7.329668274929958
0.0
21.06484974456231
0.0
0.0
5.375582954763473
0.0
0.0
0.0
11.129708349803764
0.0
0.0
3.0721057913949608
5.228581562968799
0.0
13.927639070523284
0.0
0.0
0.0
0.0
0.0
0.0
0.0
0.0
0.0
0.0
0.0
0.0
0.0
0.0
8.317481620005111
0.0
0.0
0.0
0.0
0.0
0.0
0.0
0.0
5.120906811702326
0.0
0.0
5.425967998193855
0.0
0.0
0.0
0.0
0.0
0.0
0.0
0.0
0.0
0.0
0.0
17.734882269097753
0.0
0.0
0.0
0.0
0.0
0.0
0.0
8.502730181006868
0.0
10.109474921705626
0.0
0.0
4.456662154685304
0.11413511843713309
0.0
0.0
0.0
0.0
0.0
0.0
0.0
0.0
0.0
0.0
0.9880992765586143
0.0
0.0
0.0
0.0
34.117982128750214
19.018888731401915
0.0
0.0
22.690378570927408
0.0
0.0
0.0
0.0
3.342930072322943
0.0
0.0
4.915935910260899
8.088912166535025
0.0
0.0
0.0
0.0
0.0
0.0
0.1776053595843905
0.0
5.486163798886238
0.0
29.524110485959767
0.0
27.14328649068358
6.756341739379536
0.0
0.0
0.0
10.421835994744583
0.0
0.0
0.0
17.099403079837344
2.158061593673551
27.67243651489187
0.0
0.0
0.0
0.0
0.0
6.850406494768293
4.5052751050587005
9.936606036692936
0.0
25.32741654122691
0.0
0.0
5.9225475475875555
47.246791713826184
0.0
0.0
3.6580730324442783
0.0
0.0
18.529901510716883
0.0
0.0
0.0
2.8655934893097452
2.5117295929003802
0.0
25.915875689188084
0.0
9.816694179250703
0.0
11.450440142582735
0.0
0.0
0.0
0.0
0.0
0.0
0.0
0.0
0.0
0.0
0.0
0.0
0.0
3.661646691172308
1.7480423107702876
0.0
0.0
0.0
0.0
2.1223985433408785
0.0
0.0
0.0
0.0
19.181902079660546
0.0
0.0
0.0
2.582204644437226
18.32176038597953
0.0
4.076484269874783
0.0
0.0
0.0
0.0
0.0
0.0
0.0
1.644606161707145
6.573848723565817
0.0
0.0
0.0
38.67962358523232
0.0
0.0
0.0
0.0
0.0
0.0
0.0
0.0
0.0
0.0
0.0
0.0
0.0
0.0
0.0
0.0
0.0
0.0
0.0
0.0
0.0
0.0
24.67000840413189
0.0
17.084347102156627
25.874080959930353
0.0
15.334281970412704
0.0
0.0
7.493448802317118
0.0
14.739003527800051
0.0
0.0
25.575234314730125
10.115441383598764
0.0
0.0
0.0
0.0
7.234085647139906
5.4366354410359605
0.0
0.0
0.0
0.0
0.0
0.0
0.0
0.0
0.0
0.0
0.0
0.0
11.536106671329833
0.0
0.0
17.626919097491935
15.46719624472749
0.0
0.0
0.0
0.0
0.0
0.0
0.0
0.0
0.0
0.0
10.607273577684609
0.0
0.0
0.0
0.0
0.0
13.385531206353377
7.490164291535123
0.0
0.0
0.0
0.0
0.0
0.0
2.383794757199169
0.0
0.0
0.0
0.0
0.0
17.48823704680295
0.0
0.0
0.0
12.018971063937684
0.0
0.0
3.5828895465571833
0.0
14.25562133459951
0.0
0.0
0.0
0.6138452985338319
8.592142839136784
17.89066739159803
0.0
7.992740618026474
0.0
0.0
0.0
0.0
0.0
0.0
0.0
0.0
0.0
0.0
38.19808853652958
0.0
0.0
18.793616860593488
0.0
12.232208442349958
0.0
0.0
0.0
19.664548531400015
19.614764486731644
0.0
6.0741347628483595
5.928655327250809
0.0
0.0
0.0
1.7806657145225273
0.0
0.0
7.127921427345754
8.28210356253588
0.0
22.858616879825604
0.0
4.9844873200340345
0.0
14.268058965577765
0.0
0.0
0.0
0.0
0.0
0.0
0.0
0.0
0.0
0.0
0.0
0.0
0.0
0.0
0.0
0.0
0.0
0.0
0.0
0.0
0.0
0.0
0.0
0.0
0.0
39.12047526488729
13.382558351402196
0.0
8.909089210859648
12.307636638590893
0.0
30.458351284167577
18.6619425605638
0.0
0.0
0.0
0.0
0.0
0.0
0.0
0.0
0.0
0.0
1.2998130553496168
0.0
19.526496932333856
6.456379298780448
0.0
0.7332806048426903
0.0
14.27667200143209
0.0
0.0
18.73984935146683
0.0
0.0
22.358559767104765
0.0
0.0
3.515520178819017
0.0
0.0
1.0946049974893413
0.0
0.0
0.0
8.606803819769269
0.0
0.0
0.0
13.484069924284242
0.0
0.0
0.0
0.0
6.046252900287726
0.0
0.0
0.0
0.0
0.0
0.0
0.0
2.344503668832189
5.537091394866906
0.0
22.542831520466336
0.0
0.0
0.0
0.0
0.0
0.0
0.0
0.0
0.0
0.0
0.0
0.0
0.0
0.0
0.0
2.3383610746426484
0.0
0.0
0.0
0.0
0.0
0.0
9.221857083869537
2.997762956175265
0.0
0.0
0.0
0.0
0.0
0.0
2.1466312622304287
0.0
0.0
44.8483544158496
0.0
0.0
0.0
0.0
0.0
0.0
5.845814391720694
0.0
15.841770618901535
0.0
4.2350572816623355
0.0
0.0
0.0
0.0
52.39233892957188
0.0
4.308336408965488
0.0
0.0
22.46141443670649
0.0
0.0
0.0
17.9029332695808
0.0
0.0
5.458124122341857
0.0
0.0
0.0
0.0
12.504574362323126
0.0
0.0
7.602375581117954
0.0
0.0
2.8267182273954035
0.0
47.53207415840129
0.0
22.735724039683618
0.0
0.0
0.0
0.0
0.0
0.0
0.0
1.0152442310043028
0.0
3.0350221238565496
0.0
0.0
0.07585890685997754
11.118698721657395
9.491601741478036
0.0
0.0
0.0
0.0
3.3381396327735047
0.0
5.614572396226691
0.0
0.0
18.515966115829286
0.0
17.500002010385742
0.0
27.674385199657422
15.14362174862383
0.0
0.0
11.59410164597712
12.601798554577528
0.0
12.211958458162059
0.0
31.576557717487816
0.0
0.0
3.001233144369948
3.0997349934405065
0.0
0.0
8.631024345446676
0.0
0.0
0.0
2.391419241600616
21.992001672495917
0.0
0.0
18.59779789925699
0.0
1.7725348679916237
0.0
0.0
0.0
0.0
0.0
0.0
0.0
0.0
0.0
1.2670479131163717
12.736870737248665
0.0
0.0
0.0
34.25438262099425
0.0
0.0
0.0
0.0
0.0
0.0
0.0
0.0
18.271269749428342
7.979780120885152
7.807150981155743
0.0
0.0
0.0
0.0
0.0
0.0
0.0
25.67264672438222
0.0
0.0
0.0
0.0
0.0
0.0
0.0
12.090920977395484
0.0
0.0
0.0
0.0
18.06005888084374
0.0
18.869801188136705
0.0
1.6418881316573675
0.0
0.0
3.92780331195587
8.07808437173648
0.0
0.0
14.310007469490998
0.0
0.0
0.0
2.454595504498954
0.0
0.0
0.0
24.709417193016492
3.0570848054632904
0.0
0.0
0.0
0.0
0.0
0.0
0.0
18.17242292345793
0.0
0.0
0.0
0.0
1.8447873652804532
0.0
0.0
0.0
0.0
0.0
5.329487857233602
0.0
0.0
0.0
0.0
0.0
3.908477030913076
0.0
0.0
0.0
13.934638664460536
0.0
0.0
0.0
0.0
0.0
0.0
0.0
0.0
0.0
0.0
0.0
11.91438406083833
0.0
0.0
0.0
0.0
14.971490372156921
5.478062686525931
21.701897764452497
0.0
0.0
0.0
19.97041646315543
20.99414404432676
0.0
0.0
0.0
0.0
0.0
0.0
0.0
0.0
0.0
0.0
6.895410961460271
0.0
0.0
17.94768645713711
0.0
0.0
0.0
14.121734585776878
0.0
0.0
11.500897905362564
0.0
0.0
0.0
0.0
0.0
0.0
0.0
0.0
0.0
0.0
7.924743800610187
0.0
0.0
20.45586246484831
0.0
0.0
2.0795781492519296
0.0
0.0
0.0
0.0
2.401027196960655
0.0
0.0
9.841248858712632
3.821944819205015
0.0
9.375597908017156
0.0
0.0
0.0
0.0
14.51625622119623
0.0
0.0
5.811615484246218
5.537222053418461
0.0
0.0
0.0
6.679261679295749
0.0
0.6163771246709615
0.0
21.572730882694003
0.0
0.0
0.614211374847855
0.0
0.0
0.0
0.0
15.752250286633085
0.0
0.0
0.0
0.0
8.931748324347367
1.8864534344530597
0.0
28.23365187764466
0.0
0.0
0.0
2.849605864634853
0.0
0.0
17.14046386767312
7.052348637498582
0.0
0.0
0.0
0.0
0.0
0.0
0.0
0.0
0.0
17.22734451452557
18.28766693097282
5.992845897523694
0.0
27.08795065094509
21.427015078430912
25.82571712136621
0.0
0.0
0.0
1.666662509604592
0.0
25.76981899808149
0.0
0.0
0.0
0.0
0.0
0.0
0.0
0.0
0.0
0.0
0.0
0.0
0.4889022589565002
0.0
0.0
0.0
0.0
3.044883561777297
3.2919161972766346
0.0
0.0
0.0
1.3428883476030222
0.0
0.0
0.0
0.0
1.3449877593764228
13.652452630667511
0.0
0.0
0.0
0.0
0.0
0.0
0.0
6.968961029232872
0.0
0.0
3.381427771677295
0.0
0.0
0.0
32.872850967210695
1.7239951892110668
0.5073268876236341
0.0
0.0
0.0
5.300324822567802
4.118093069792565
11.921766153310045
0.0
0.0
0.0
0.0
0.0
0.0
15.356695416974574
0.0
0.0
0.0
0.0
0.0
8.170820134875541
0.0
0.5742488773629049
15.105021114609869
0.0
0.0
0.0
41.547305610024836
0.0
0.0
0.0
0.0
0.0
0.0
0.5128476716438257
0.0
0.0
0.0
0.0
0.0
0.0
0.0
0.0
0.0
0.0
0.0
0.0
7.451757050491338
0.0
0.0
0.0
0.0
0.0
0.0
0.0
18.244229403266502
0.0
0.0
0.0
6.766282276848372
0.0
2.2568236263964394
2.9337351609349156
0.0
0.0
0.0
0.0
0.0
1.5917523748366875
1.8426727210780314
0.0
0.0
10.201027124241392
0.0
0.0
0.0
0.0
3.8983564374687916
1.7525941593637242
9.023882041901217
0.0
15.119584798155685
0.0
0.0
0.0
13.193630934390711
0.0
54.71544861924116
0.0
1.3857578617975435
7.740049409702863
0.0
3.0118607610403245
0.0
0.0
0.0
21.19094257604698
4.0230499124008645
0.0
3.9685192249850587
9.035782262969164
0.0
0.0
0.0
0.0
0.0
0.0
18.34020034220333
0.0
0.0
1.1494418003183995
0.0
0.0
0.0
0.0
0.0
2.5523620040073496
0.0
15.471970296739414
0.0
0.0
0.0
5.908608173867378
5.560711269665816
0.0
0.0
4.950848970668403
0.0
10.436878639508961
0.0
7.713372957430039
0.0
0.0
0.0
0.0
0.0
0.0
0.0
0.0
10.496086338037443
2.1684951646747237
0.0
0.0
0.0
2.708824158310449
0.0
0.0
0.0
4.540580567636468
0.0
0.0
0.0
0.0
0.0
0.0
0.0
3.4369425982170583
0.0
0.0
28.09946884304958
7.3044854229787575
21.709391414033405
0.0
0.0
0.0
0.0
0.0
0.0
0.0
22.23064977149855
0.0
0.0
0.0
5.072032660425663
0.0
0.0
0.0
0.0
9.535986602697875
0.0
0.0
0.0
0.0
0.0
17.124352081442225
0.0
0.0
0.0
3.6634841178086788
12.727234541307354
0.0
0.0
0.0
30.516937614207592
0.0
0.0
0.0
0.0
0.0
0.0
12.916892870811353
0.0
0.0
0.0
0.0
0.0
0.0
0.0
48.16584187436956
0.0
0.0
8.4743618572422
0.0
0.0
0.0
0.5891713161893222
0.0
0.0
0.0
0.0
7.106031460925138
0.0
7.134563422623472
0.0
0.0
14.42166939336407
25.005498108230285
0.0
35.58379086726882
0.0
0.0
0.0
5.21013588627298
0.0
0.0
9.605064450265672
0.0
9.446481947865863
0.0
0.0
0.0
0.0
0.0
0.0
0.0
23.3876383202211
6.329386713348555
0.0
0.0
9.219663205223242
4.528943948150257
0.0
0.0
0.0
0.6649646035965588
0.0
0.0
13.67240289038729
0.0
0.0
0.0
0.0
0.0
14.210677251128388
0.0
0.0
0.0
1.3446524707598257
0.0
0.0
0.0
9.074069648334898
0.0
1.8340246565058038
0.0
0.0
28.05124708828285
26.186548165352093
0.0
0.0
0.0
2.1671352342904697
0.0
63.78553785425723
0.0
0.0
0.0
0.0
5.2178132908127
0.0
0.0
0.0
0.0
0.0
0.0
0.0
0.0
19.5965738044807
0.0
0.0
0.0
0.0
0.0
17.52390062198384
1.467217233205801
0.0
2.2977277773644715
26.949208829961492
28.01332322574831
0.0
0.0
0.0
0.0
1.578307986165612
27.650695336762254
0.0
10.190320230331864
0.0
16.08424474153746
0.0
0.0
30.31491256276462
0.0
17.101439693272454
0.0
0.0
0.0
0.0
14.795081912894986
0.9985935948383258
13.426660561369644
2.1560344489094803
0.0
0.0
0.0
0.0
0.0
0.0
0.0
0.0
0.0
0.0
4.682324919732068
0.0
0.0
26.849408952831453
4.565412936737417
10.4146078788348
20.546851416223006
0.0
2.5967449572853525
14.861848201033538
0.0
0.06016745456811634
16.722870023158492
0.0
7.749997861455171
0.0
0.0
2.2176693741479028
0.0
6.759454757885933
0.0
0.0
0.0
0.0
0.0
0.0
5.315056122579264
8.26825446905788
0.0
6.822643122211531
0.0
7.990550286298529
0.0
0.0
0.0
0.0
3.457038017722354
3.6185894940210517
0.0
0.0
0.0
0.0
0.0
0.0
0.0
2.605847795267792
0.0
0.0
0.0
0.0
0.0
9.58380696894335
0.0
0.0
0.0
3.2096996725942404
5.686493104636071
16.795920881007945
1.3745767491178356
6.9247054781485815
0.0
0.0
0.0
19.848948848361232
0.0
0.0
0.0
0.0
1.8521195599261944
0.0
0.0
0.0
0.0
0.0
8.041842801046215
0.0
15.39897024763988
0.0
10.698891989031509
0.0
0.0
0.0
3.9576485587901544
0.0
0.0
0.0
0.0
0.0
0.0
19.27534539443178
0.0
0.0
0.0
13.370892082311215
3.642007728891741
0.0
0.0
0.0
0.0
0.0
6.170064954449387
0.0
11.894913000761903
0.0
6.4553477038762
14.987305300279601
47.34953456057073
0.0
5.93409399057505
0.3499487211940391
0.0
0.0
0.0
0.0
0.0
0.0
35.457451018319375
0.0
0.0
0.0
0.0
0.0
0.0
0.0
0.0
6.65579925718221
0.0
66.7895156685091
18.176342834652473
0.0
0.0
9.936629325864047
0.0
0.09959551179900927
0.0
20.458341481941233
0.0
23.53126772233105
0.0
0.0
0.0
0.0
30.437017655627926
19.9539655812101
0.0
12.585462726132988
0.0
0.0
13.697032509982492
0.0
1.2845678110618337
0.0
0.0
0.0
0.0
0.0
0.0
0.0
0.0
0.0
0.0
0.0
6.283773407605807
8.276968163926725
0.0
6.168448495070038
0.0
26.389166330412735
5.571105586522563
0.3433827614687317
0.0
0.0
0.0
0.0
0.0
0.0
0.0
5.170815770298844
0.0
0.6959159741331291
8.193361082656565
0.0
0.0
0.0
18.28448124916804
0.0
0.0
0.0
4.312725957745116
0.0
0.0
0.0
0.0
0.0
0.0
8.065746520180127
0.0
9.06356334010546
7.575250267042563
0.0
12.48768373234553
25.282583362877176
0.0
14.650647347644068
0.38774577857822123
0.0
5.735644536455098
0.0
0.0
0.0
8.276160690800282
21.59055405454785
0.9933676819676123
2.181928871211568
0.0
0.0
0.0
0.0
0.0
0.0
18.54845536952655
0.0
0.0
23.976826354751523
11.172565410614396
0.0
0.0
0.0
0.0
0.0
0.0
5.0837781085343465
0.0
1.1099831265678404
0.0
0.0
11.97687999827751
0.0
0.0
0.0
4.382332888748692
1.9043249505141375
0.0
0.0
23.611824545978124
0.0
0.0
0.0
0.0
0.0
0.0
16.419071160286663
0.0
0.0
0.08050398352902732
0.0
41.484559741219755
0.0
2.3640304511717716
0.0
0.0
0.0
0.0
0.0
6.729363123238954
0.0
22.56900834192433
1.9675739161923786
0.0
0.0
0.0
8.727472995219586
0.0
0.0
0.0
0.0
0.0
0.0
0.0
0.0
12.08053289343303
28.957540574218143
5.963803587334638
0.0
0.0
0.0
0.0
0.0
21.176523402980337
0.0
4.572341000456518
3.3390912419161367
0.0
0.0
8.034731480000104
0.0
0.0
0.0
0.0
15.971734969348347
0.0
0.0
0.0
2.441215496252113
8.670059032312423
0.0
4.257993534321599
0.0
0.0
0.0
1.9279671061501205
0.0
0.0
21.996706921549645
42.19498984864413
0.0
0.0
29.235355140955022
18.143306100701267
0.0
0.0
0.0
0.0
4.881565261318244
0.0
0.0
0.5164623052842217
0.0
0.0
0.0
0.0
0.0
0.0
0.0
0.0
0.0
0.0
41.059581150764245
16.505703435275905
0.0
0.0
0.0
0.0
0.0
18.85871896093184
0.0
0.0
4.895175626442153
2.1071149525829753
0.0
0.0
21.843799843552432
0.0
0.0
0.0
0.0
0.0
0.0
0.0
0.0
0.0
0.0
0.0
2.716011807531345
0.0
8.368889375351188
0.0
11.660965396344565
0.0
0.0
0.0
0.0
0.0
0.0
0.0
0.0
0.0
0.0
0.0
0.0
0.0
5.822351208651696
0.0
0.0
0.0
0.0
16.638436222001374
0.0
0.0
0.0
0.0
0.0
0.0
0.0
0.0
0.0
19.74255992861947
9.593311579434996
0.0
0.0
4.639950622984642
0.0
18.600201765031926
0.0
0.0
0.0
0.0
0.0
0.0
0.0
0.0
0.0
13.698343127016386
2.437954895676299
0.0
0.0
17.81677873084729
0.0
7.801031419676889
10.528394961835744
0.0
0.0
0.0
0.0
0.0
2.793200253496579
0.0
0.0
0.0
0.0
0.0
0.0
0.0
0.0
6.506392077140163
0.0
0.0
25.208767876097454
5.9737612643121025
0.0
0.0
0.0
9.141067558138914
9.814552881440548
1.5659255552218667
0.0
0.0
2.137762887312917
0.0
0.0
0.0
0.0
2.903655942431172
0.0
0.0
3.15957972512588
1.015211224508377
0.0
0.0
0.0
0.0
0.0
0.0
0.0
0.0
0.0
0.0
0.0
13.770623670333535
0.0
0.0
0.0
3.348748666874613
0.0
0.0
0.0
0.0
0.0
10.58538856136174
0.0
0.0
0.0
0.0
0.0
0.0
0.0
0.0
0.0
5.151788161877505
19.68484485085392
0.0
3.838909279971915
5.040468533968507
0.0
0.0
0.0
0.0
28.140607868997876
9.05743032253055
0.0
0.0
5.2456432903004355
17.47505241731821
1.175553856322395
0.0
0.10869886248819682
0.0
2.8961267241271003
0.0
0.0
3.847747084990658
0.0
0.0
33.05568491139377
0.0
0.0
10.831101768872117
8.742628897954475
0.0
7.470944514856242
0.0
0.0
0.0
0.0
0.127362290581857
0.0
8.926587549909357
0.0
0.0
0.0
13.730165808235881
0.0
0.0
0.0
1.9835518310651281
0.0
0.0
0.0
0.07143505196890487
2.2483461080595504
10.06102154246257
3.835943241673519
0.0
0.0
0.0
0.0
0.0
16.4566438368944
0.0
0.22265095553171932
43.725121400397455
0.0
0.0
0.0
0.0
14.265564449813084
0.0
0.6548670459543757
20.275147543039964
0.0
0.0
35.06865692557895
0.0
0.0
0.0
0.0
0.18465911525399292
0.0
0.0
8.718257832245925
0.0
12.381993430003845
20.399341079340417
0.0
0.0
0.0
0.0
0.0
1.4311533657132287
9.347144027187639
0.0
0.0
0.0
0.0
0.0
0.0
0.0
0.0
12.914684797619742
4.81074390782446
23.888642604212407
0.0
0.0
0.0
20.353753810159816
0.0
9.524573650123429
0.0
7.590121708517941
0.0
0.0
0.0
19.530927669541484
0.0
0.0
0.0
0.0
0.0
0.0
0.0
0.0
5.814879736187109
0.0
0.0
0.0
0.0
0.0
0.0
0.0
0.0
0.0
0.0
0.0
0.0
9.561413221151696
0.0
10.53117507273403
0.0
0.0
0.0
0.0
0.0
0.0
25.01710776502557
0.0
0.0
19.402775590702277
0.0
10.945603845144106
5.88071200261227
0.0
0.0
26.87771736883451
0.0
0.0
1.3163153375538315
0.0
10.676420354916246
0.0
0.0
0.0
23.64103663350869
9.330900178058258
0.0
0.0
0.0
26.605887080777137
12.200002499809969
0.0
8.328686820112921
8.204336836687858
13.146790117362812
0.0
0.0
0.0
0.0
0.0
0.0
23.5460479894395
0.0
0.0
0.0
0.0
0.0
0.0
27.998060653901604
25.306770394160793
0.0
0.0
12.204471629574769
0.0
0.0
4.405134123535319
0.0
0.0
8.666237231934971
8.546551997647484
0.0
0.0
25.54209208837125
0.0
0.0
8.610137220148246
22.753067061705224
0.0
0.0
0.0
0.0
0.0
0.0
0.0
0.0
0.0
0.0
0.0
16.35427967875667
0.0
0.0
3.7546737634677783
6.258285398468502
0.0
0.0
0.0
0.0
1.898428316686008
9.497604330493473
10.936690765851182
4.7366626038353274
0.0
0.0
0.0
14.77966092029898
1.2739212767142192
0.0
0.0
3.0575821846080515
0.0
0.0
0.0
0.0
0.0
0.0
0.0
0.0
0.0
0.0
0.0
5.991091036445624
0.0
0.0
6.949979497034718
0.0
1.8691867262439814
0.0
0.0
0.0
0.0
0.9909861751423819
0.0
6.4773741478817755
0.0
41.874342830517094
0.0
0.0
0.9293910898163773
0.0
24.085338448707944
0.0
0.0
0.0
0.0
0.0
0.0
0.0
0.0
0.0
0.0
0.0
0.0
0.0
6.90479485102604
18.48308842342078
0.32289896458603096
0.0
0.0
0.0
0.0
0.0
0.0
0.0
0.0
0.0
20.448228413684745
0.0
0.0
0.0
0.0
0.0
16.729900296920405
0.6175833076166413
1.8920145647349784
0.0
0.0
0.0
0.0
6.9261177451377165
0.0
0.0
0.0
0.0
0.0
0.0
0.0
0.0
0.0
0.0
0.0
0.0
29.92469069428364
21.53186913269178
8.231607955901225
0.0
13.355377031608796
0.0
12.807491132509298
0.0
8.943713276549872
0.0
1.5652156541686253
0.0
0.0
0.0
0.0
16.0729941114039
0.0
23.56062584221084
17.206445648607797
0.0
0.0
0.0
0.0
0.0
0.0
0.0
0.0
0.0
4.484303815230817
0.0
0.0
0.0
35.11814088904657
0.0
0.0
3.6478953173879773
29.62694715780384
0.0
0.0
6.998469475017274
0.0
0.0
24.627245625291238
0.0
0.0
20.58831399483907
0.0
0.0
0.0
8.88516280903275
0.0
9.25665794079977
19.69409557967907
0.0
0.0
7.783225006030534
0.0
0.0
0.0
16.491501261130807
0.0
0.0
0.0
1.3689448408930502
0.0
7.237934758858373
0.0
23.189141958416485
0.0
25.386161141608085
0.0
0.0
21.34745776959582
0.0
0.0
0.0
0.0
0.0
0.0
0.0
0.0
0.0
6.692465939027571
21.076443651355703
0.0
0.0
35.74989281805372
10.785420835176978
5.603091105036995
0.0
0.0
0.0
8.248701513071097
0.0
0.0
0.0
1.4272958425494409
0.0
48.31544138584104
0.0
0.0
0.0
0.0
0.0
13.523145707106565
0.3593020869756316
0.0
0.0
0.0
0.0
7.461038293122726
0.0
10.12300872833491
0.0
0.0
0.0
27.90356628464056
0.0
0.0
0.0
15.906754896233323
0.0
0.0
5.314431194686378
0.0
0.0
0.0
26.304252790197438
0.0
0.0
1.100187350860196
0.0
0.0
0.0
0.0
5.196179162222251
0.0
0.0
0.0
0.0
1.6883236316605803
0.0
0.0
20.07664658773237
0.9323488214164257
25.13382203653086
0.0
0.0
0.0
15.150532354759022
0.0
0.0
0.0
6.212909784484609
0.0
0.0
12.130880918024047
1.0300642540190381
0.0
11.505797811194668
0.0
0.0
3.6786728498782253
0.0
0.0
0.0
0.0
0.0
0.0
0.0
0.0
0.0
8.455087356471083
7.161430592952428
0.0
0.0
0.0
17.963238049621538
16.038842595767235
0.0
0.0
0.0
12.087051600490483
0.0
8.131748574763222
0.0
11.659528773447619
0.0
0.0
0.0
10.02537498233616
0.0
25.79370822162514
0.0
0.0
0.0
0.0
1.7001115068003116
4.0370711882196275
10.96635354280805
43.69423416554588
0.0
0.0
0.0
0.0
0.0
3.175186081566167
0.0
0.0
19.55829518047588
2.7029960383496245
22.801609626703595
5.80900449972053
2.979145799047515
0.0
32.84588835674023
6.318851331502202
11.624303659950726
2.550055118028297
0.0
0.0
0.0
0.0
0.0
20.952266838228724
0.0
0.6725594447354553
0.0
0.0
0.0
0.0
18.295261204347355
0.0
0.0
6.9868591072366115
0.0
0.0
0.0
0.0
28.999487164720506
0.0
0.0
27.78879804955332
0.0
25.155892130107105
0.0
0.0
0.0
5.962377899471264
0.0
6.06010640442166
0.0
39.178789192969106
0.0
0.0
0.0
4.137608762463614
0.0
19.239210130037037
17.847145667495084
0.0
0.0
0.0
5.381459146481717
0.0
42.633688490405035
0.0
0.0
0.0
7.379500010082921
0.0
10.461109280301017
0.0
19.838228694683664
18.747712073400407
0.0
12.790537514236064
0.0
0.0
0.0
0.0
0.0
1.5718925478188908
0.0
0.0
12.825330772763664
0.0
0.0
0.0
0.0
0.0
0.0
23.149471948233668
0.0
0.0
0.0
0.0
0.0
3.0970578961060653
1.298202310411412
0.0
0.0
0.0
13.85335389746541
27.40610843379389
5.410137418844329
0.0
0.0
0.0
8.537199780127253
8.58441177100174
0.0
0.0
31.582326132855002
0.0
3.4593570469570096
0.0
13.975377600007079
0.0
0.0
23.913120206434087
0.0
0.0
0.0
0.0
8.519489277281181
0.0
0.0
4.289438116930896
0.0
10.062836269381563
0.0
4.5571458868843
0.0
24.39722876217124
18.52660593437011
22.086554262504535
0.0
8.861884837350004
40.04858264782044
0.0
0.3726323309370798
9.667165168310476
0.0
0.0
2.466515256584387
0.0
5.835077035236225
0.0
0.0
0.0
0.0
0.0
0.0
0.0
0.0
0.0
0.0
0.0
0.0
0.0
0.0
0.0
0.0
31.026659646151927
16.717266072599074
0.0
0.3456618118088528
0.0
0.0
0.0
0.0
0.0
0.0
1.9275015929142398
0.0
0.0
0.0
0.0
0.0
0.0
6.757482876399649
8.437061379247893
13.151620311588275
0.0
0.0
3.178715089842413
16.872015661466037
0.0
0.0
0.0
0.0
0.0
0.0
0.0
0.0
0.0
0.0
0.0
0.0
0.0
2.2021121134529693
44.0501153211689
3.6562914004019973
0.0
0.0
0.0
0.0
0.0
0.0
7.089543757093196
0.0
0.0
29.082385265857255
0.0
28.104030208506686
0.0
0.0
0.0
2.676617787686112
0.0
7.165209865876122
8.279463022658717
15.955468787152867
0.0
0.0
11.16833172610302
0.0
2.0733207831877962
0.0
0.0
0.0
7.672789741783404
0.0
0.0
0.0
0.0
2.597666355483284
0.0
0.0
0.0
16.033575268062577
0.0
0.0
0.0
0.0
9.724376487829858
0.0
0.0
18.521520153951514
0.0
0.0
0.0
2.9062397886923463
23.7559227401957
0.0
0.0
32.91419979363715
0.0
0.0
0.0
0.0
0.0
7.821198967093338
0.0
0.0
6.069702738831239
0.0
0.0
0.0
0.0
0.0
6.896035024402863
0.0
0.0
0.0
0.0
10.575413859228732
0.0
0.0
0.0
2.6930935504747
0.0
2.3719088070358794
9.843476141319485
11.981108255828588
0.0
5.1006622134282935
11.9577127339589
0.0
1.6967345491272425
45.916152405550946
0.0
0.0
0.0
0.0
0.0
0.0
0.0
6.550660956545499
0.0
0.0
0.0
0.0
0.0
0.0
0.0
0.0
20.789976213475143
0.0
0.0
5.911994798791412
0.0
0.0
1.4643451099809823
7.007775816958883
0.0
2.5323166450812096
0.0
0.0
1.476759450666549
0.0
0.0
0.0
0.0
0.0
1.2312154146375605
20.513126362321856
0.0
0.0
21.48456773435572
0.6914223569044111
0.0
4.625811317775643
7.7144130219940195
0.0
0.0
0.0
17.519981488344982
0.0
3.1306008941252657
0.0
4.442526697095104
22.91023376808141
1.38646997881375
0.0
0.0
0.0
3.326689116579118
18.813434439486144
0.0
0.0
0.0
0.0
0.0
0.0
12.019624756582488
0.0
0.0
0.0
13.931259948428888
0.0
7.1601489521418955
0.0
0.0
0.0
6.476343393094609
16.370638760429472
0.0
0.0
0.0
4.6935576942896375
0.0
0.0
0.0
0.0
3.1620297481641586
0.0
0.0
0.0
17.866166886838982
10.941298933810188
18.699093575464474
0.0
0.0
0.0
0.0
0.0
0.0
0.0
0.0
0.0
0.0
5.3051202978890615
0.0
0.0
16.014348040171754
0.0
0.0
0.0
0.95852316236288
7.290427759399293
0.0
36.590124842517184
0.0
0.0
0.0
0.0
0.0
0.0
0.0
0.0
0.0
6.297838168566329
0.0
9.24186176015371
0.0
0.0
0.0
0.0
0.0
0.0
0.0
0.0
0.0
0.0
4.79865688452189
0.0
0.0
0.0
0.0
0.0
25.589936240196124
12.141112011006825
0.0
0.0
0.0
0.0
0.0
0.0
14.293811311700253
9.255942354747035
0.0
0.0
0.0
0.0
0.0
0.6902317456893741
3.5683141650389416
8.052744437992772
0.0
0.0
20.25582415925217
0.0
14.962707553396413
1.3903191964026718
0.0
3.222821945863217
0.0
0.0
0.0
0.0
0.0
25.179776028231515
0.0
1.7056821763962375
0.0
12.458005026860846
14.037180807851016
0.0
0.0
14.804792356298293
1.142803055043018
0.0
0.0
18.545499113674737
0.0
0.0
0.0
0.0
0.0
9.255413122189552
0.0
21.100937996100583
0.0
4.871638858578535
0.0
0.0
0.0
0.0
0.0
7.388979102471552
0.0
0.0
0.0
3.5694956235313526
0.0
0.7546335701792941
0.0
0.0
0.0
0.0
0.0
0.0
7.894653171235973
0.0
0.0
0.0
0.0
11.80828955268035
2.6139242070272815
17.30092140569802
0.16130941443620372
0.0
0.0
0.0
0.0
0.10301780913583514
0.0
3.2520225352405987
0.0
0.0
0.0
0.0
29.350982581676817
7.462065442109932
8.369563493875688
0.0
0.0
3.7965773402527248
0.0
0.0
0.0
0.0
0.0
0.0
0.0
0.0
0.0
0.0
0.0
0.0
0.0
0.0
0.0
0.0
24.524660216505282
0.0
0.0
0.0
0.0
0.0
0.0
12.859199861007156
0.0
3.1051657707010634
0.24173389593055106
0.0
0.0
5.28464639896643
0.0
0.0
0.0
7.14886525590174
15.106556510947797
18.57642252977189
0.0
0.0
0.0
0.0
0.0
0.9208995359634571
0.0
3.9560606277854333
8.087040386368628
0.0
0.0
0.0
0.0
0.0
0.0
0.0
0.0
0.9087917318306751
0.0
0.0
0.0
0.0
0.0
0.0
22.7688206805243
0.0
0.0
0.0
0.0
0.0
0.0
0.0
0.4972532600504991
0.0
13.082046006646479
0.0
7.503311658656656
16.5553282972798
3.136057382130005
0.0
6.083712809129324
0.0
0.0
0.0
0.0
0.0
0.0
0.0
6.037613122577753
0.0
8.817464095009683
0.0
14.101305201657311
0.0
0.0
0.9126645991687639
0.0
0.0
0.0
11.015129884049955
0.0
11.069382192450618
0.0
8.63469448588333
7.014516920920613
17.25081186842918
0.0
0.0
1.720542884945047
0.0
0.0
5.125210328057207
18.64770354506561
0.0
0.0
15.880936149294826
20.871181543077284
14.655263881917406
0.0
0.0
0.0
0.0
0.0
11.558839668594956
15.225360198816702
0.0
0.0
0.0
0.0
0.0
0.0
9.325947549649356
0.0
9.064965350311695
1.110149165123886
0.0
0.0
0.0
29.990517070027465
0.0
12.09112534879408
0.0
12.960280462786656
0.0
0.0
0.0
6.549943187712273
0.0
30.10387333442054
7.18978017256147
17.359339455354103
20.25333014596106
2.064540313714616
0.0
0.0
0.0
18.352556709701332
0.0
0.0
11.101795285984451
0.0
0.0
0.0
18.574001924696717
26.92694522685119
0.0
0.0
14.756428850903987
2.057487195539508
0.0
0.0
1.740307687271951
0.0
17.661579201835565
0.0
0.0
0.0
0.0
0.0
0.0
0.0
0.0
15.48089104971504
0.0
22.13211453726055
27.444127302526397
0.0
0.0
0.0
0.0
0.0
0.0
0.0
0.0
15.103156909787387
0.0
0.0
6.588178687167925
4.933918533022975
0.0
0.0
0.0
0.0
0.0
0.0
0.0
1.5538359707593656
0.0
0.0
0.0
0.0
0.0
0.0
0.0
0.0
0.0
0.0
0.0
0.0
15.432698124756428
0.0
0.0
0.0
15.960274876485826
9.197840096689816
0.0
0.0
0.0
1.7108288082515486
0.0
0.0
0.0
0.0
0.0
7.651847770858609
0.0
0.0
0.08371634650423232
0.0
0.0
0.0
0.0
0.0
0.0
0.0
1.8119893625607517
0.0
0.0
0.0
0.0
0.0
0.0
0.0
0.863561437941641
0.0
0.0
0.0
0.0
0.0
0.0
6.656742180113682
0.0
0.0
11.022454577057545
13.468393920024909
0.0
0.0
0.0
0.0
0.0
0.0
0.0
0.0
28.799419156626044
0.0
9.051351482753702
0.0
0.0
0.0
14.419951278129759
0.0
0.0
0.0
4.187543114144006
0.0
0.0
0.0
0.0
0.0
0.0
0.0
0.0
0.0
9.507826780508623
0.0
0.0
0.0
8.381866500361326
18.77918013316537
0.0
0.0
0.0
0.0
19.67651426793367
5.261760986488923
2.4877754050519485
0.0
28.259280860436462
0.0
0.0
0.0
0.0
0.0
0.0
0.0
0.0
0.0
0.0
27.30139923457449
7.16925753336082
8.227725903583774
0.0
0.0
0.0
0.0
0.0
0.0
0.0
0.0
0.0
19.73325003878901
1.9969670136896838
19.93820777230195
0.0
0.0
0.0
0.0
0.0
0.0
0.0
18.623563470247376
4.799671429585189
0.0
25.03644563106161
4.487023285776289
0.0
0.0
0.0
10.36118783456034
4.7524157737813795
0.0
18.781337513653
0.6636418754729334
12.312367447732953
0.0
0.0
0.0
0.0
0.0
0.0
0.0
0.0
0.0
10.41303623628582
11.623886955071939
0.0
0.0
0.0
0.0
0.0
1.4467398566062002
0.0
0.0
0.0
0.0
0.0
21.45350364050941
21.59039682175319
0.0
0.0
0.0
0.0
0.0
7.181464508117273
0.0
0.0
10.8892180878062
5.220391903747199
0.0
10.738170523006616
0.0
0.0
0.0
18.767005984610222
0.0
0.0
0.0
0.0
27.14689980323871
0.0
4.001458499435287
0.0
1.4249597345029912
0.0
1.0831069800765079
25.57185697820276
0.0
0.0
5.785746931538625
0.0
17.505867470064587
0.0
0.0
0.0
8.178054182563073
0.0
0.0
16.03155766112984
2.1948792039438842
10.87518805764634
0.0
0.0
11.003487721711153
0.0
4.16550727257993
0.0
0.0
0.0
0.0
0.0
0.0
12.100060678016192
0.0
0.5733313742492925
10.480929407089533
0.0
0.0
0.0
0.0
0.0
0.0
0.0
10.473058095668264
0.0
1.5844474448797996
0.0
0.0
4.797327769720738
6.877241674157403
15.59540504703898
0.0
0.0
0.0
0.0
0.0
0.4747214150957433
0.0
0.0
0.0
0.0
0.0
0.0
0.0
0.0
22.19426832436301
1.6480731172873675
0.0
11.08713052048843
5.410715058195308
0.0
0.0
1.951599063664986
6.693609266475505
0.0
0.0
19.890879545642804
0.0
0.0
0.0
0.0
4.763233691223618
0.0
0.0
6.684743397228289
0.0
27.25137930553734
0.0
0.0
0.0
10.65526295199112
0.0
0.0
0.0
5.381009144997179
0.0
0.0
0.0
7.226812975807448
0.0
4.754850327681467
0.0
0.0
0.0
10.111220997347289
0.0
0.0
8.590588452804553
0.0
0.0
2.049562879524899
0.0
11.137434712649622
16.983133998508038
0.0
0.0
0.0
0.0
0.0
0.0
0.0
0.0
7.421322286682766
14.33933533786356
0.0
0.0
0.0
4.534730939679321
1.7150886992971692
3.2180649676091093
0.0
0.0
0.0
1.741286905663543
0.0
0.0
0.0
0.0
0.0
13.371976688389367
0.0
0.0
0.0
2.763131657831181
0.0
15.089511106166967
0.0
0.0
0.0
0.0
0.0
0.0
16.4769931736775
1.6658182758666271
1.5288208391613693
35.58474999696841
0.0
0.0
0.0
0.0
0.0
0.0
13.089602172559651
0.0
0.0
0.0
0.0
0.0
32.35482471411427
0.7191626103228828
0.0
0.0
5.697291616754541
0.0
25.95309660502781
0.0
0.0
13.67474237073634
0.0
0.0
0.0
20.195093820512227
0.0
0.0
0.0
0.0
14.281118344788638
0.0
0.0
0.0
0.0
23.278351894027452
0.0
10.701995045597755
0.0
0.0
11.023337951044269
12.179632501746909
0.0
0.0
0.0
0.0
4.2276746471215745
20.002610705740352
2.895997047976934
1.567537538894996
0.0
0.0
0.0
19.67474157387963
0.0
0.0
0.0
0.0
0.0
18.537320673697394
0.0
0.0
0.0
0.0
15.303841430900974
14.284761291795618
0.0
0.0
38.75402510349366
0.0
0.0
0.0
8.553320395613468
0.0
0.0
30.19053695687188
0.0
0.0
0.0
35.61280787027039
0.0
0.0
2.1089118359065964
0.0
0.0
5.413056129380237
0.0
13.16113942583732
0.0
0.01745568192500002
9.825089523075462
0.0
0.0
24.871726798220976
0.0
0.0
42.18144789188895
0.0
0.0
13.862148123438573
0.0
0.0
0.0
0.0
0.0
0.0
0.0
0.0
12.332200456231703
0.0
0.0
0.0
0.0
0.0
0.0
0.0
0.0
0.0
19.00394039877463
4.644879752946551
28.79736142468971
0.0
0.0
0.0
0.0
0.0
0.0
35.8850790195348
0.0
16.07268964709621
16.767314741015397
19.320209549941694
0.0
0.0
0.2638516845758545
0.0
0.0
0.0
0.0
7.171403516712289
0.0
11.801113716199524
0.0
0.0
0.0
0.0
0.0
23.308541740967627
0.0
25.075898478188066
17.765763666959742
0.0
0.0
0.0
0.0
0.0
1.894011280204765
0.0
2.8752313049244265
3.4144895597952427
0.0
0.0
0.0
3.7547455652733674
0.0
0.0
15.043487654900517
0.0
15.22524459614992
0.0
0.0
3.2412852803305867
0.0
0.0
0.0
3.882366579628382
0.0
0.0
0.0
0.0
0.0
0.0
0.0
0.0
21.325396003290052
0.0
1.4175378915902144
2.024601294919563
0.0
35.07198188756499
0.0
17.029014921430957
0.0
0.0
12.845583589057028
0.0
0.0
0.0
12.06486106570516
0.0
0.0
0.0
16.174911383122662
8.894981202548266
0.0
0.0
0.0
0.0
0.0
3.247772188826943
0.0
0.0
2.5120641390972622
0.0
0.0
0.0
0.0
0.0
11.382716504162445
4.748722604159283
0.0
0.0
0.0
1.2135873051466746
0.0
0.0
0.0
21.25583401998574
0.0
3.3678284672065786
0.0
17.088556987224237
0.0
0.0
0.0
0.0
0.0
0.0
0.0
5.268152385470316
0.0
6.625953536448662
20.79422585702281
0.0
0.0
0.0
18.246801609820437
6.51070105458021
0.0
0.0
0.0
0.0
2.5772467594693893
0.0
7.377602229329298
0.0
0.0
0.0
8.969774110476962
0.0
0.0
0.0
0.0
0.0
26.630630392547232
0.0
0.0
0.0
24.176793012413043
0.0
22.067301589849194
0.0
0.0
14.126541517815994
0.0
0.0
1.7800963045656744
0.0
0.0
8.929161461067068
10.76648295000308
0.0
0.0
0.0
0.0
0.0
36.11170302273513
14.828804443229117
0.0
0.0
0.0
0.0
0.0
0.0
13.557120311013222
0.0
12.296388986595204
0.0
0.0
9.957354669540365
5.222285202852561
0.0
0.0
13.017092230095415
0.0
0.0
0.0
0.0
0.0
26.366237066584915
3.080629339480751
0.0
3.8642560050674035
0.0
0.0
0.0
3.7379016839361014
0.0
24.198882306718303
4.773901636739126
0.0
21.751400306624305
0.25544918460319366
0.0
0.0
0.0
0.0
0.0
0.0
0.0
5.76394353391845
0.0
0.0
0.0
0.0
0.0
0.0
0.0
0.0
11.286453074798587
0.0
0.0
0.0
0.0
0.0
5.226068864460061
0.0
0.0
19.101392872548644
0.0
0.0
0.0
0.0
0.0
0.0
6.929907546281527
10.518084929930055
0.0
0.0
0.0
0.0
4.586707204264215
0.0
0.0
0.0
0.0
0.0
0.0
0.0
0.0
0.0
0.0
0.0
0.0
0.0
0.0
0.0
0.0
0.0
15.835392954557491
0.0
4.184943876243025
0.0
0.0
0.0
6.75308761603668
9.005147518948561
2.998132197555421
6.146093265597173
0.0
0.0
1.3481243872452353
0.0
10.892772246425636
31.229722245453985
0.0
0.0
0.0
0.0
0.0
26.09373427047703
4.508317538849468
23.088675309367602
0.0
0.0
0.0
1.9630445610838336
0.0
0.0
0.0
0.0
11.178427152541516
0.0
0.0
0.0
4.5998218094340615
0.0
1.8679704705731695
50.97600331733253
0.0
19.852042066393864
0.0
0.0
4.287404982936508
0.0
0.0
13.485245961888936
0.0
18.743966538693343
0.0
16.620768105552784
0.0
0.0
0.0
4.38303354353296
0.0
0.0
0.0
24.43791749832903
18.69049175716674
0.0
0.0
6.887784399484602
0.0
0.0
0.0
2.111460702851076
0.0
22.974160239921616
0.0
0.0
0.0
0.0
0.0
0.0
0.0
2.478112369583542
3.2796895247696085
4.8161682393844245
0.0
17.339929718737594
0.0
0.0
0.0
0.0
0.0
0.0
0.0
0.0
0.0
0.0
20.916673806464843
0.0
0.0
0.0
0.0
0.0
0.6875573195074622
0.0
0.0
0.0
32.08875934313994
0.0
0.0
5.357144788360401
0.0
28.123397124880597
0.0
0.0
22.958571718413054
24.222964930221025
20.189183006547466
0.0
7.837980325306674
0.0
24.940873206829906
1.7309147397206601
19.909018980265586
0.0
0.0
40.542247438130346
36.40309009616405
0.0
0.0
29.417397992437145
0.0
0.0
1.4047090791002574
0.0
0.0
0.0
0.0
0.0
15.365412085008558
0.0
1.1442691948896169
0.0
0.0
0.0
0.0
23.999233630366234
0.0
0.0
0.0
0.0
0.0
21.536077845583463
0.0
2.3085296019755077
0.0
0.0
0.0
0.0
5.128235906863566
0.0
19.185920719677
16.271921276439173
0.7532955262505254
0.0
0.0
0.0
0.0
0.0
8.643884227063268
0.0
0.0
0.0
0.0
0.0
0.0
9.163264190163488
0.0
20.690526808720392
0.0
0.0
0.0
0.0
0.0
0.0
0.0
10.14122247497528
26.25759456176462
5.862636872280092
0.0
0.0
11.281177640251798
0.0
0.0
0.0
0.0
0.0
0.0
0.0
0.0
0.812002975328582
0.0
0.0
1.3580078185461701
0.0
8.094065672215791
19.13834926828889
0.0
0.0
0.0
5.876035935156509
44.5959195267333
0.0
13.668814461788003
0.0
0.0
0.0
0.0
0.0
22.99324045564464
10.533785463979825
0.0
0.0
0.0
0.0
0.0
10.259406086073696
0.0
0.0
0.0
40.03479951587977
0.0
0.0
0.0
0.0
0.0
0.0
0.0
6.304887069589185
0.0
0.0
0.0
0.0
0.0
6.566272100323701
25.460436432438797
0.0
6.0558224711440545
0.0
0.0
0.0
6.430068027586827
0.5735706097114956
0.0
0.0
0.0
14.390987752429794
0.0
0.0
7.93230673046213
1.900367633186832
0.0
0.0
0.0
12.15381840884477
0.0
0.0
0.0
0.0
0.0
0.0
0.0
16.09200468706223
14.066581967736838
0.0
0.0
0.2820974412252468
2.728549698919963
0.0
0.0
0.0
0.0
0.0
0.0
0.0
0.0
12.459606216505549
0.0
0.6882485593819183
0.0
1.5292991963782754
0.0
0.0
19.999167936657813
25.77844712421495
0.0
0.0
29.57249408144648
12.216731437038902
0.0
14.557087976721618
0.0
0.0
0.0
0.0
8.640962641111656
0.0
21.17688179702705
0.0
0.0
0.0
0.0
0.0
0.0
0.0
0.0
0.0
10.98983239295302
0.0
0.0
0.0
9.532829463025763
0.0
0.0
13.681086383610975
0.0
0.0
0.0
2.919904865848892
32.42662181151033
2.268432100525871
0.0
0.0
0.0
28.13481830266815
17.773856836976577
0.0
0.0
0.0
0.0
0.0
0.0
0.0
0.0
3.812234952862653
0.0
5.287989334492721
0.0
0.0
0.0
0.0
0.0
0.0
0.0
14.290420704098707
12.600412219568668
0.0
22.955440001194887
0.0
0.0
2.393977458140327
0.0
0.0
14.976665908662753
15.047988168022556
0.0
0.0
0.21429092989920662
0.0
0.0
0.0
0.0
6.990123860460926
0.0
0.0
0.0
0.0
14.469040967722705
0.0
0.0
0.0
21.77655572312986
2.856227002669158
0.0
0.0
0.0
0.0
0.0
1.5585369007367404
0.0
0.0
0.0
0.0
0.0
0.0
0.0
0.0
4.595033765644317
0.0
0.0
0.6163281484096359
0.0
0.0
15.367002266966225
7.4666623977109055
6.964832984586209
0.0
0.0
0.0
33.382371205759995
0.0
0.0
0.0
0.0
11.43937603750652
0.0
0.0
0.0
0.0
15.850196825105272
0.0
0.0
0.0
0.0
0.0
0.7385729667064425
33.25335723987726
0.0
0.0
0.0
30.516488179628425
7.882208238814883
0.0
19.93637194749715
3.344304616776313
0.0
0.0
18.94527014377141
0.0
0.0
0.0
0.0
2.0574253300034115
36.1100264910734
0.0
0.0
0.0
39.678579612298876
0.0
13.310495274114729
0.0
0.0
5.709991797332961
0.0
0.0
0.0
8.11353222541976
0.0
6.323681460975962
0.0
0.0
0.0
21.409264872683593
0.0
0.0
6.197506780914338
0.0
0.0
7.241173952940869
0.0
0.0
0.0
25.273569975122513
0.0
0.0
17.665875287885527
0.0
0.0
0.0
9.685969423143078
0.0
19.801198087855283
0.0
1.912586221488226
0.0
0.0
3.964167705400513
2.010812475804201
4.7489994023704725
25.68355265738748
0.0
0.0
0.0
10.144989090902016
0.0
0.0
11.268751911034883
0.0
12.962859229645233
0.0
0.0
8.085423243791638
19.167383311669113
7.9516448744685135
0.0
37.54636404664282
0.0
0.0
9.252910951222361
17.509903556392132
0.0
0.0
0.43126963004165475
4.039372643382407
0.0
0.0
4.214124819944487
13.942059382208683
0.0
0.0
2.7220778089046007
0.0
0.0
1.8884007089396277
0.0
0.0
0.0
0.0
0.0
8.732687151956881
0.0
0.0
0.0
0.0
0.0
1.849653635352027
0.0
0.0
0.0
0.0
0.971262181977707
0.0
0.0
0.4981565587783905
0.0
0.0
0.0
0.0
0.0
0.0
0.0
0.0
0.0
0.0
4.453888679953465
0.0
0.0
17.142758495736658
0.0
0.0
0.0
0.0
12.465900291442736
3.554323624118993
0.0
0.0
0.0
0.0
1.5815602644043025
0.0
0.0
0.0
0.0
0.0
3.162928934329244
0.9775826426369747
0.0
18.015343377625783
0.0
0.0
4.223282740982384
0.0
14.716764407975845
0.0
13.790882727148784
9.085130631322727
0.0
0.0
0.0
5.863626902790415
0.0
0.0
0.0
0.0
0.0
4.327387177826935
0.0
0.0
0.0
0.0
3.6386462574823213
0.0
9.043733047998018
0.0
0.0
0.0
0.0
0.0
0.0
10.254013802995885
0.0
0.0
0.0
0.0
0.0
0.0
0.0
0.0
0.0
39.993967894601155
16.479332866924324
6.398250978057732
10.847363780244777
0.0
0.0
0.0
0.0
0.0
0.0
0.0
0.0
1.5657463691878775
0.0
0.0
0.0
0.0
0.0
0.0
1.1388230592138058
23.192946266016122
17.0538680899477
55.694328652205854
0.0
0.0
0.0
11.210396250409971
0.0
0.0
1.8629255344222884
5.286855085464239
0.0
0.07829283753865468
0.0
0.0
5.837581449154769
0.0
12.812851097792532
0.0
0.0
0.0
0.0
14.551888547242612
0.3929021142294289
0.0
0.0
0.0
9.268990289274015
0.0
0.0
2.402624723692753
0.0
0.0
0.0
0.0
0.0
0.0
0.0
0.0
3.4490800050101456
0.0
0.0
0.0
0.0
0.0
0.0
0.0
0.0
0.0
0.0
0.0
0.0
0.0
0.0
0.0
0.0
0.0
9.130083259287161
11.30347625750096
13.099368023224642
0.0
0.0
16.601972835066533
0.0
0.0
0.0
0.0
0.0
0.0
8.36497083840797
0.0
0.0
2.2834397769909174
0.0
15.784441370599154
2.168345114781374
0.0
12.624528888738098
0.0
0.9220693532230939
0.0
0.7022992005705362
0.0
18.821127292491582
0.0
0.0
0.0
0.0
0.0
0.0
33.788190239770756
24.5961692805607
0.0
0.0
0.0
0.0
0.0
39.28270108037091
9.03040375053618
0.0
0.0
0.0
0.0
0.0
0.0
0.0
0.0
0.0
11.93204352887038
0.0
0.0
0.0
12.387275226815731
0.0
0.0
0.0
0.0
0.0
0.0
0.0
0.0
6.259718882016344
2.608924043310637
5.972740411812225
0.0
1.7154524731379013
0.0
0.0
0.0
2.053566023172877
0.0
6.009555628327661
0.0
0.0
0.0
22.943265331523975
0.0
14.556699842461043
0.0
0.0
0.7676576454839079
0.0
0.0
12.725537558621312
4.042364698397492
0.0
0.0
16.83763828236748
0.0
0.0
0.0
25.01637043196908
0.0
0.0
0.0
12.65602809959752
19.208847887305666
17.866372598912633
0.0
0.0
11.434136098439424
0.0
0.0
0.0
0.0
0.0
0.0
0.0
11.394724399413192
0.0
0.0
20.025656968916536
0.0
10.070524153471581
7.658881614829639
0.0
0.0
7.6152094048697165
0.0
0.0
0.0
0.0
0.0
0.0
9.950589738077028
0.0
18.490733331245792
7.22730265529097
0.0
0.0
5.536203171941011
0.0
0.0
1.6566809451842772
0.0
0.0
11.587255686098175
0.008519532230025106
0.0
15.185368401021961
0.0
0.0
0.0
35.92911271130146
0.0
0.0
6.262778415786315
0.0
0.0
0.0
0.0
5.125642605387668
0.0
0.0
0.0
4.94471575173155
6.837189173584932
0.0
0.0
0.0
0.0
0.0
7.441318656662091
0.0
7.760808919395231
0.0
0.0
0.0
0.0
0.0
0.0
23.796893842910492
10.654308686425836
0.0
0.0
0.0
0.0
14.410380843168483
0.3832082023947976
0.42280797308264084
0.0
0.0
3.6476853065014154
0.0
0.0
8.923480124393379
0.0
0.0
0.0
0.0
0.0
0.0
10.684366602543292
18.247467685273904
0.0
0.0
0.0
0.0
13.400153404775097
54.62588495103455
0.0
0.0
18.933304962798672
0.0
0.0
0.0
0.0
0.0
2.3911970170839965
0.0
0.0
0.0
4.536485705718405
9.094828635413847
0.0
0.0
0.0
0.0
2.6570024708660185
0.0
0.0
3.8197069794436374
7.388573637311623
9.42963636178466
20.530362547322966
0.0
5.316411674046861
0.0
0.0
5.665770818072559
0.0
0.0
0.0
3.504597161040806
0.0
6.234459547301299
0.0
0.0
0.0
0.0
0.0
8.256735599135212
20.092222931133307
0.0
0.0
0.0
0.6475149841974002
0.0
7.204409066394291
0.0
7.010592763267013
7.198962620557936
0.0
5.2381302440889925
0.0
0.0
12.404218546879079
0.0
0.0
0.0
0.0
7.8698510023249355
22.822651920527136
0.0
0.0
0.0
0.0
29.06777933231973
12.37193790731817
0.0
0.0
6.489563948975416
0.0
0.0
0.0
7.757093042723696
0.0
0.0
15.036636498765446
0.0
0.0
26.45893882516765
0.0
0.0
0.0
0.0
14.525565741745027
24.674513919813904
0.0
0.0
12.669136840652541
10.43649021013563
0.0
0.0
9.651988769982736
0.0
12.253587501402038
8.536932892656239
0.6491854516065274
0.0
18.418967311937507
0.0
5.795536574731187
4.813851421385877
0.0
0.0
3.673186821264423
0.0
12.2895230678552
10.380048499725973
5.24197098822836
0.0
0.0
0.0
0.0
18.67603673570224
0.0
15.725197891451316
0.0
0.0
0.0
70.1042752453832
0.0
0.0
42.42273323990864
20.618217499698915
0.0
0.0
9.454007734255697
0.0
4.085571026066589
17.858735241384338
0.0
0.0
17.569573623508305
0.0
0.0
9.476765172998029
0.0
0.0
0.0
0.0
0.0
0.0
0.0
7.29375271274867
0.0
6.63907054419451
3.4046259013876323
0.0
19.017755531850298
0.0
5.893839936938917
0.0
0.0
0.0
3.9373887115345525
5.833648828013281
0.0
0.0
0.0
0.0
0.0
0.0
0.0
0.0
0.0
14.459361973012577
0.0
0.0
0.0
0.0
0.0
0.0
0.0
0.0
0.0
0.3331930358400399
0.0
0.0
0.0
0.0
8.736753244075402
0.0
0.0
4.54758807560296
0.0
0.0
0.0
0.0
0.0
12.379185889210618
19.63311196755015
0.0
0.0
0.0
0.0
19.95585976318722
0.0
5.877453684127815
0.0
0.0
0.0
0.0
47.52060535159572
0.0
0.0
0.0
0.0
0.0
0.0
0.0
0.0
6.618196292608232
0.0
1.7628018324846124
0.0
0.0
0.0
0.0
0.0
0.0
0.0
0.0
0.0
0.0
0.0
0.0
0.0
0.0
2.0134478820288706
0.0
0.0
0.3631394835795163
6.854474590330241
0.0
0.0
0.0
0.0
0.0
0.0
0.0
0.0
26.477383829624188
0.0
16.9946298281492
0.0
0.0
0.0
0.0
0.0
0.0
5.613945646437287
0.0
0.0
0.6851892872746532
0.0
9.970809875026802
0.0
0.0
11.138631940690857
0.0
9.776437127415818
0.0
0.0
4.733722840705738
0.0
26.551922713577056
7.1646008861874435
0.0
0.0
0.0
0.0
3.455577184827902
9.948103091927393
0.0
18.62804269554755
0.0
0.0
0.0
0.0
0.0
0.0
0.0
0.0
0.0
0.0
4.204572670632729
11.791521965059701
24.01447256457334
0.0
26.681743134033326
0.0
0.0
10.322133532727506
0.0
1.4777160079514573
0.1623931103452776
0.0
0.0
0.0
21.285471764315133
0.0
0.0
0.0
0.0
0.0
0.0
0.0
1.3243737469550894
0.0
0.0
0.0
6.786868045186935
3.218260434462195
0.0
0.0
21.719932369717867
43.68562855363018
0.0
0.0
20.19260814914165
4.340862022408331
0.0
10.272698301751376
0.0
0.0
0.0
22.553808642096556
0.0
0.0
0.0
0.0
0.0
0.0
0.0
0.0
0.0
0.0
2.308498033151025
0.0
7.033656857144678
0.0
0.0
0.0
0.0
0.0
0.0
45.88310979644757
0.0
0.0
0.0
0.0
0.0
27.981412096744435
11.685117999036109
0.0
0.0
0.0
0.0
25.063978673024366
0.0
0.0
0.0
15.980238316907005
12.07128654661976
0.0
0.5362114134424445
7.344688789991054
10.678057357597837
0.0
0.0
0.0
5.077638199130746
1.0284956926512052
12.902220762709334
0.0
0.0
0.0
12.316383615531805
0.0
0.0
13.9155387879685
0.0
0.0
0.0
0.5625484418798834
8.773489688279739
24.6999785174375
0.0
0.0
0.0
0.0
0.0
4.165009373007422
0.0
0.0
17.94517007470766
0.0
0.0
0.0
15.847317259891213
0.0
6.960346934187399
4.954079446414838
0.0
0.0
0.0
0.0
0.0
0.0
9.269551341988773
0.0
4.421783348385745
0.0
11.313375289608558
0.0
3.4362159292218593
0.0
0.0
0.0
2.646721644838152
0.0
7.35374185410295
5.2235276711816
0.0
0.2621430377638774
0.0
5.066469657490714
0.0
0.0
0.0
0.0
34.32074988024621
3.8088059107799097
0.0
0.0
0.0
0.0
0.0
31.61898983333586
0.0
0.0
0.0
2.1164945316582475
0.0
16.230649234571473
5.312292591570525
0.0
0.0
0.0
10.625175694419056
0.0
0.0
0.0
17.01654018672481
4.884313312646583
4.121070308281446
0.0
18.88148314977701
21.259225846680607
0.0
0.0
0.0
0.0
31.807119653706337
0.0
0.0
0.0
0.0
0.0
0.0
0.0
0.0
0.0
0.0
0.0
5.761426393577764
4.7459548959594855
40.11290058909634
0.0
11.75296103152563
30.802326928821202
0.0
0.0
17.24214035433137
0.0
0.0
0.0
0.0
15.006419638298183
0.0
0.0
0.0
0.0
0.0
0.0
0.0
0.0
0.0
10.581508397736286
7.672557226382239
10.721384727265658
5.210033621158303
29.36777119386599
0.0
0.0
22.13805686650906
0.0
0.0
11.084837824377772
0.0
0.0
0.0
0.0
0.0
0.0
0.04250619392659871
0.0
0.0
0.0
0.0
0.0
0.0
3.285091514276658
0.0
6.800738359211536
8.92974130537202
18.531909601662136
0.0
0.0
0.0
6.859309306616495
0.0
3.0412038380778625
0.0
0.0
0.721631113465051
0.0
3.745080609264221
0.0
0.0
0.0
0.0
39.35115395316271
0.0
0.0
0.0
0.0
0.0
0.0
0.0
10.811544817632523
0.0
0.0
0.0
10.090802240912964
0.0
0.0
3.7656427995499513
0.0
0.0
0.0
0.0
0.0
0.0
5.054696466062637
0.0
21.035042929916955
22.21987387112685
1.5120937226101603
2.2181328763346926
0.0
5.117232016427906
20.739078090115612
0.0
13.836686781822507
25.728747288837837
42.458281136734854
0.0
0.0
0.0
0.0
0.0
0.0
8.042613019707929
0.0
12.559559009325582
0.0
19.53678131678089
0.0
3.0812680405537662
0.0
0.0
13.371874606289722
30.210285521821646
0.0
0.0
13.227069709644013
8.233786188446743
0.0
0.0
0.0
0.0
0.0
0.0
0.0
21.313723988384396
20.635697696990917
0.0
0.0
0.0
13.95309318091114
0.0
13.9882500429935
0.0
0.0
0.0
0.0
12.077302166391178
0.0
0.0
0.0
0.0
11.547522971872382
0.0
0.0
4.326431404177967
24.2652764766639
0.0
7.136599678758003
0.0
20.68620111744943
0.0
8.953629631841878
0.0
0.0
0.0
0.0
0.0
6.708449559253481
0.0
0.0
0.0
0.0
0.0
0.0
0.0
0.0
0.0
0.0
0.0
2.757828706393653
0.0
0.0
0.0
0.0
0.0
0.0
0.0
0.0
0.0
0.0
15.375485219050603
0.0
0.0
19.715425570899953
0.0
0.0
14.022362538404522
19.539169371019653
0.0
37.26881779825871
2.174575250503864
20.526926039221365
6.921536600367531
0.0
0.0
17.035997887900393
7.531044697093876
3.8871722349512225
0.0
0.0
0.0
15.71102444166739
5.393158508551579
0.0
0.0
9.32379442444632
4.419397556212829
0.0
0.0
1.50751776328174
9.85189633183306
0.0
0.0
0.0
0.0
0.0
0.0
35.65945329445532
0.0
0.0
0.0
23.525718614979894
0.0
7.670440213205779
0.0
0.0
0.0
0.0
0.0
0.0
0.0
0.0
0.0
0.0
9.487225602565303
4.022724091819057
0.0
0.0
27.284446520537585
0.0
0.0
0.0
0.0
9.035325169507033
0.0
0.0
0.0
13.263867246740745
1.2583925676323702
0.0
21.242284012222058
0.0
21.190407211558068
11.131373726511484
0.0
0.0
0.0
0.0
0.0
9.008021586686354
0.0
0.0
11.52198913609216
0.0
0.0
0.0
0.0
0.0
0.0
17.655563183230726
0.0
5.660073635817753
17.65576102218344
0.0
17.258733567414794
8.847124759523481
0.0
0.5269613359262451
0.0
20.665715747936304
0.0
13.947971980264455
1.5167903966933522
0.0
0.0
0.0
0.0
0.0
0.0
0.0
0.0
13.999610778750196
4.072821315539159
0.0
3.6585511568223126
3.1900586144954843
0.0
0.0
0.0
0.0
0.0
0.0
0.0
0.0
0.0
0.0
0.0
0.0
0.0
0.0
0.0
1.278752803745121
51.396044034367435
28.44072531536324
0.0
0.0
0.0
0.0
3.7011070950138247
9.627825641571746
5.580711751688227
0.0
0.0
0.0
0.0
0.0
0.0
0.0
10.013907283317906
0.0
0.0
0.0
0.0
0.0
35.825414960706325
0.0
0.0
0.0
11.685383964386318
0.0
0.6356673719301398
6.3626454558555
1.0578671658759617
0.0
0.0
0.10875132802107146
0.0
0.0
0.0
21.343380113613165
0.0
0.0
0.0
0.0
0.0
0.0
18.515927786649684
0.0
4.4508142725728845
31.52456335733021
0.0
0.0
0.0
0.0
0.0
0.0
0.0
0.0
4.113559791623075
0.0
0.0
0.0
0.0
0.0
0.0
0.0
0.5665270286949067
1.392658726499846
0.0
10.154648063316287
18.119023236970833
0.0
0.0
13.313478595463295
3.6931907219335756
37.7113383325885
0.6988613327327897
0.0
0.0
0.0
0.0
15.47209415157414
0.0
0.0
0.0
0.0
0.0
0.0
4.83150965964694
4.12146474462304
0.0
0.0
0.0
3.0148747006564918
4.056764574736022
0.0
0.0
0.0
0.0
0.0
0.0
0.0
6.980551609659614
0.0
0.0
9.39632155973986
13.819034769269606
18.81382147031556
5.77701818323014
0.0
5.518148293012331
0.0
0.0
2.2767383206721945
0.0
0.0
0.0
0.0
0.0
0.0
18.997965152660356
27.04516454451388
0.0
2.5230747054699663
0.0
0.0
0.0
0.0
10.49622065138216
0.0
2.596728486587878
6.45748917503785
0.0
0.0
0.0
0.0
0.0
3.2088705601852894
0.0
0.0
16.767610942067066
0.0
52.768858076819924
11.636801285860003
0.0
0.0
0.0
0.0
0.0
14.008855154943817
0.0
0.0
20.21726906595393
3.331456227185811
0.0
18.906943188773482
0.0
0.45419642462412924
0.0
0.0
0.0
0.0
5.247950685157804
0.0
35.843088005438204
0.0
0.0
0.0
26.86580522639386
0.0
0.0
0.0
19.331829229526704
0.0
0.0
0.0
0.0
0.0
9.390709132118943
0.0
0.0
0.0
0.0
0.0
0.0
0.0
19.836885825926004
0.0
5.495274537818588
22.364500829979733
4.303286799348172
0.0
0.0
0.0
16.685392881217226
0.0
0.0
0.0
0.0
0.0
0.0
0.0
0.0
0.0
0.0
0.0
0.0
0.0
3.367279149589848
20.811822933508182
0.0
0.0
7.539386648914402
0.0
0.3654327595986615
9.930274335080057
1.4608613673610478
34.96653529144734
22.45331878150367
24.078550900508674
0.0
0.0
0.0
0.0
0.0
21.886782167608402
0.0
0.0
0.0
0.0
0.0
18.13024192925721
6.418460680102314
0.0
0.0
0.0
0.0
0.0
16.259288526098956
6.316151148509675
0.0
17.032456916236484
0.0
5.060041598539257
0.0
18.12654480197287
11.108943202422779
0.0
0.0
15.542664430319903
4.3147661698529305
0.0
6.477514095503679
13.886416465903949
20.560148445184325
13.583497246210044
0.0
0.0
0.0
0.0
0.0
0.0
0.0
0.0
0.0
0.0
2.8454311908396335
0.0
0.0
0.0
0.0
0.0
0.0
7.607035414187564
0.0
0.0
0.0
0.0
16.629610672048017
0.0
0.1404945470301584
18.65790084966295
28.032349449337005
0.0
0.0
0.0
3.779906888178161
0.0
2.1802525239002364
0.0
0.0
24.372025245440653
0.0
0.0
5.763919545029694
0.0
0.0
0.0
0.0
0.0
0.0
12.974003575649348
27.89217648778785
0.0
0.0
6.831309852606267
0.0
0.0
2.6250267027034795
15.39101806113328
0.0
0.0
0.0
0.0903695224182286
0.0
2.1013927603035256
0.0
0.0
0.0
0.0
0.8955482993799535
0.0
0.0
32.75705985843467
3.24851267831842
0.0
0.0
0.0
0.0
0.0
0.0
0.0
0.0
3.823573749703101
3.638479616338671
0.0
7.1676458180563
0.23261142968821957
0.0
0.0
0.0
0.0
0.0
0.0
12.957490001229544
0.0
0.0
10.476393836523215
0.0
0.0
0.0
0.0
16.810061244274323
35.1254394732091
0.0
0.0
13.954864273102743
0.0
0.0
0.0
16.77392319399371
0.0
0.0
0.0
1.216657272525623
17.78868623943619
0.0
0.0
0.0
0.0
0.0
0.0
0.0
0.0
11.533399197143595
0.0
0.0
0.0
5.951416895340245
19.548373346772877
0.0
0.0
0.0
0.0
0.0
8.355907593945972
0.0
0.0
1.9094877382227509
0.0
0.0
0.0
0.0
0.0
0.0
0.0
0.0
1.7812985269799952
0.0
2.031857717678804
8.24268043715891
0.0
4.125210353804022
0.0
0.0
0.0
0.0
0.0
0.0
0.0
5.836870868638911
0.0
0.0
0.0
0.0
0.0
0.0
0.0
0.0
0.0
0.0
0.7109260639051342
8.841111699342221
22.774413133177006
0.0
10.766030593473559
0.0
0.0
0.0
16.524934468179367
6.876141450690014
0.0
30.738719691166125
0.0
0.0
0.0
0.0
0.0
0.0
0.0
0.0
0.0
0.0
0.0
0.0
0.0
0.0
0.0
0.0
0.0
19.600445459741422
0.0
2.6032876088713834
37.27030836425857
0.0
9.660576189180901
16.138735312540035
16.00829132944567
0.0
0.0
0.0
0.0
0.0
0.0
0.0
0.0
0.0
0.0
0.0
0.0
0.0
24.232947136679854
0.0
0.0
0.0
8.070624905993341
0.0
0.0
0.0
0.0
0.0
0.0
10.911253508704007
0.0
0.0
0.0
8.498720367387236
3.592185923314645
0.0
0.0
0.0
0.0
0.0
0.0
0.0
13.038694837043735
0.0
0.0
6.1215894722855495
0.0
10.168345826231771
0.0
0.0
0.0
0.0
7.334285029136666
0.0
15.616547594925265
13.895934223721483
4.330098004260876
0.0
0.0
0.0
9.323505289674586
0.0
0.0
0.0
0.0
0.0
0.0
0.0
0.0
0.0
0.0
3.329750914631674
0.0
0.0
0.0
0.0
0.0
0.0
0.0
0.0
6.847273648433671
0.0
0.0
0.0
0.0
0.6909688975408272
15.560307367237527
3.8873931434512485
0.0
0.4973957039637895
2.4284214389732455
0.0
0.0
0.0
0.0
0.0
0.0
0.0
0.0
0.0
10.77010924345403
0.0
0.0
0.0
38.3357721047891
0.0
0.0
32.22251688222954
3.605197638415291
0.0
0.0
0.0
10.968821454750412
8.113228964885835
0.0
0.0
3.8802400614009542
3.771466379855397
0.4837655968616872
0.0
0.0
2.27569510159546
0.0
0.0
0.0
11.940179013333719
13.834957003524352
0.0
4.050267526198468
0.0
0.0
0.0
20.746911096326585
0.0
0.0
5.73481284324815
0.0
0.8849312188521452
4.579255932260963
0.0
1.75305925665252
0.0
6.456298684706709
0.0
2.4870224051563667
0.0
22.000947977495343
0.0
0.0
0.0
0.0
0.0
3.9855530313252956
16.544793416603525
16.061321201721796
0.0
12.76588796764436
0.0
0.0
0.0
0.0
0.0
0.0
0.0
0.0
0.0
3.7649589588835255
16.2650295913041
0.0
0.0
0.0
5.189262137444942
4.526875467242192
0.9524681860356594
0.0
0.15692915197912782
0.7340485670553676
0.0
9.670390354209061
0.0
0.0
0.0
0.0
15.48141830529471
6.217013425868586
0.0
0.0
0.0
26.685270529360764
0.0
0.0
0.0
0.0
0.0
0.0
0.0
0.0
0.0
1.4118313027851173
0.0
0.0
0.0
0.0
0.0
0.0
3.6301520651043404
0.0
0.0
0.0
0.0
1.5690838900407016
0.0
0.0
0.0
0.0
0.0
16.2917462017992
0.0
0.0
0.7401021028220072
0.0
0.0
0.0
0.0
20.9141084162965
17.49357215712233
0.0
0.0
0.0
0.0
0.0
0.0
0.0
0.0
0.0
0.0
9.598391242306164
0.0
0.0
10.221103790557905
1.3408886758491434
0.0
0.0
0.0
0.0
0.0
18.057593033818478
0.4965361101652235
0.0
0.0
0.0
0.0
7.067104112013894
0.0
0.0
0.0
0.0
0.0
0.0
0.0
4.146830369263398
0.0
0.0
0.0
5.754807928082755
0.0
0.0
15.167655391152579
0.0
0.0
0.0
5.846607454409082
5.886601848583595
3.133331915517246
14.382618763832284
0.0
18.665804247033634
0.0
0.0
0.0
11.628410303850359
10.111075027521977
0.0
0.0
0.01651558510849327
9.953175454422691
0.0
0.0
0.0
0.20180857171057198
0.0
0.0
0.0
0.0
0.0
0.0
0.0
0.0
0.0
0.0
0.0
0.0
0.0
27.336835945094066
5.559645666132042
0.0
0.0
0.0
0.0
0.0
0.4247140865178949
0.0
0.0
0.0
14.78305307204009
0.0
0.0
12.745759043076234
0.0
2.931273062217798
0.0
0.3826651942981698
0.0
0.0
0.0
22.524758563889918
0.0
0.0
3.69954389906475
0.0
0.0
0.0
0.0
0.0
0.0
0.0
0.0
0.0
17.6062687308646
11.152038692885753
11.592632022824006
0.0
0.0
0.0
0.0
0.0
0.0
0.0
0.0
0.0
0.0
0.0
28.962193083195785
0.0
0.0
0.0
0.0
0.0
1.6491932949238475
0.0
0.0
20.180755768934574
0.0
0.0
0.0
0.0
0.0
29.313719873329404
0.0
0.0
11.363543716066673
0.0
0.0
0.0
0.0
0.0
0.0
2.3863610138878926
0.0
0.6834816734230742
0.0
0.0
0.0
0.0
0.0
0.0
0.0
7.7141405615477225
0.0
0.0
0.0
0.0
0.0
2.899205515398947
6.227475909328632
0.0
0.0
0.0
0.3303010338706116
0.0
0.0
0.0
0.0
0.0
0.0
37.046954050465274
0.0
0.0
8.173602248313117
1.9225312413377083
0.0
0.0
0.0
0.0
0.0
0.0
0.0
0.0
0.0
0.0
0.0
0.0
0.0
0.0
0.0
32.169584605018315
0.0
3.6780778986746867
0.0
0.0
12.420749774698095
0.0
9.209948088256084
13.002989379273785
0.0
24.866102068623263
0.0
0.0
4.555394430954948
9.891216222917805
0.0
0.0
0.0
0.0
5.46750997770387
25.85690526162321
0.0
0.0
11.454128651217289
0.0
16.05701590573176
0.0
0.0
0.0
12.749143686711108
0.0
0.0
0.0
0.0
18.70143510082707
0.0
0.0
0.0
0.0
0.0
24.041440178368134
0.0
0.0
0.0
0.0
0.0
0.0
0.0
0.0
0.0
0.0
0.0
0.0
0.0
0.0
0.0
1.1783587185484379
0.0
0.0
13.643699602903936
8.898470653628166
5.512358691602159
8.483401802623035
9.937926214678143
0.8069649229836671
0.0
8.10743275963064
0.0
0.0
0.0
0.0
14.38007665939358
0.0
0.0
0.0
17.183363806319676
0.0
0.0
0.0
0.0
0.0
0.0
0.0
0.0
16.344700461737588
0.0
0.0
0.0
0.0
0.0
17.07037569641244
8.302496976379345
0.5888040892598383
40.9949411313512
0.0
0.0
1.5699032218070812
0.0
0.0
10.933191597419722
0.0
15.266206566075468
2.440752871255043
8.686779248829495
9.555070376554681
0.0
0.0
0.0
0.0
3.5320721219405016
0.0
0.0
0.0
4.591128836765151
0.0
0.0
23.8699009456073
0.0
0.0
0.0
13.261239726131492
0.0
0.0
11.48570155859079
0.34333784122821953
0.0
0.0
0.0
0.0
6.0579128233761566
0.0
0.0
0.0
8.521349579855368
7.96478178181971
29.48787925079418
5.801555715582452
0.0
0.0
0.0
0.0
19.670591002822164
0.0
1.2165683814625936
0.0
0.0
0.0
0.0
7.232569936701211
0.0
0.0
0.0
0.0
0.0
0.0
0.0
0.0
15.357098721153946
15.632601509907488
47.19027375221148
12.647851168574206
12.908130033821564
0.0
0.0
11.40483053074891
0.0
0.0
20.4738361814982
0.0
0.0
0.0
0.0
0.0
16.300432995624917
0.0
0.0
12.129963950667928
16.82736663829516
0.0
0.0
15.580090678026764
0.0
0.0
0.0
0.0
0.0
0.0
0.0
0.0
2.3913023704193677
22.88598550740059
2.0225711494420864
0.0
0.0
0.0
0.0
0.0
0.0
0.0
0.0
0.0
0.501111652762674
0.0
0.0
0.0
0.0
0.0
0.0
0.0
0.0
0.0
0.0
16.15471546330545
7.2673580557204644
0.0
0.0
30.41099933155604
0.0
13.628787320912949
0.0
0.0
0.0
0.0
0.0
0.0
0.0
9.321645133368207
17.019401504583243
0.0
0.0
0.0
5.089946077450122
12.366912742224002
4.763918227650393
0.0
0.0
0.0
0.0
0.0
0.0
0.0
0.0
2.7888196931168068
0.0
0.0
0.0
0.0
3.8565323431125194
21.188234331029093
0.0
0.0
0.0
0.0
0.0
0.0
0.0
0.0
0.0
7.989215589199944
0.0
0.0
0.0
0.0
0.0
1.1711101470076386
0.0
0.0
21.85055912948053
0.0
0.0
7.3355742965705275
0.0
0.0
0.0
0.0
0.0
0.0
0.0
0.0
2.745548408843419
0.0
0.0
0.0
0.0
0.0
0.0
0.0
0.0
0.0
0.0
0.0
0.0
0.0
0.0
0.0
0.0
15.106847474455776
0.0
0.0
0.0
0.0
0.0
0.0
0.0
1.0287231934331231
0.0
0.0
16.844883364358267
0.0
0.0
56.56309895774399
0.0
12.862936067789775
0.0
0.0
0.0
1.535531262854974
0.0
0.0
0.0
0.0
0.0
0.0
0.0
0.0
0.0
0.0
0.0
9.470522803239604
0.0
0.0
10.868585790888417
0.0
0.0
0.0
43.60722184724611
27.324242748152272
3.0564549429716124
33.12121659683339
0.0
4.557894575751519
0.0
0.0
0.0
11.213879382200332
0.0
0.0
0.0
0.0
0.0
0.0
33.448812370587035
7.77165926877953
12.177581980875956
0.0
0.0
1.617771630642821
0.0
0.0
1.7703839914776296
25.179259815571328
0.0
0.0
0.0
0.0
0.0
0.0
0.0
0.0
0.0
7.7553241751056134
0.0
0.0
0.0
0.0
9.548005911071726
0.0
14.951005527751391
0.0
0.0
0.0
0.0
0.0
17.458293586521364
0.0
0.0
45.50760761242097
0.0
0.0
21.482810595160856
16.985580838027403
0.0
0.0
0.0
9.140470865079038
0.0
23.650589473049763
0.0
0.0
0.0
22.568769004923496
0.0
0.0
0.0
0.0
2.751785852626327
0.0
14.93570128532427
0.0
0.0
0.0
0.0
0.0
0.0
29.345847767474396
0.0
0.0
0.0
21.340668278445293
0.0
0.0
0.0
0.0
0.0
0.0
0.0
0.0
1.0961526505370074
10.301209227888663
0.0
0.0
12.430195562592758
20.015955439717743
2.897611747238031
0.0
0.0
0.0
0.0
2.835051493715511
0.0
0.0
0.8088259447412725
0.0
0.0
0.0
0.0
27.76416345100742
0.0
0.0
8.544524079723757
1.9225104964417028
1.6053203532145375
18.955591048229167
16.84398619703775
0.0
0.0
0.0
4.065360385089221
0.0
0.6013241636318583
0.0
1.2081158104751353
17.365391939765374
0.0
0.0
1.206181914068523
3.8006675354175314
0.8477123089068215
0.0
0.0
0.0
2.8559718627396364
0.0
0.0
0.0
0.0
0.0
0.0
0.0
0.0
0.0
0.0
0.0
1.0920153753387467
0.0
0.0
0.0
0.0
0.0
2.4455538423593453
0.0
0.0
0.0
0.0
3.242152407224154
0.0
0.0
0.0
3.2726481511099763
0.0
0.0
0.0
0.0
33.10910274687254
2.358410510981585
0.0
0.0
0.0
0.0
0.0
13.463838791395418
0.0
0.0
0.0
0.0
0.0
0.0
5.798838043558504
0.0
0.0
0.0
9.793905502742206
5.081747850650302
0.0
11.995486358773945
0.0
0.0
0.0
4.4111479325552665
3.2708195626736796
0.0
0.0
2.2675742355636004
7.560514397711273
0.0
0.0
2.204579127874851
0.0
0.0
8.591545933821081
0.0
0.0
3.547638592104491
0.0
0.0
0.0
0.0
0.0
0.0
0.0
0.0
0.0
0.0
0.0
9.145679475669013
0.0
0.0
0.0
0.0
0.0
9.897492218877005
0.0
2.3680297090726867
0.0
0.0
0.0
20.83799368744363
19.10421666330717
0.0
0.0
12.78350997575491
14.330145971594632
6.089346378739393
0.0
12.301449300591955
0.0
20.866775714175475
0.0
0.0
0.0
0.0
0.0
0.0
0.0
6.581925404433761
0.0
0.0
0.0
5.51422286536841
0.0
0.0
0.0
0.0
9.316321923171017
54.21482283592562
0.0
0.0
0.0
0.0
20.37716270029776
0.0
22.510550661696698
6.943096514569319
0.0
0.0
7.93751966739876
29.25950301756589
0.0
0.6766454315362438
0.0
0.16855981399997688
0.0
51.84306846065289
0.0
10.104468901449735
0.0
0.0
0.0
0.0
0.0
0.0
0.0
11.586252362830024
8.946862460664448
22.61082932150859
0.0
0.0
5.9366704770925764
2.519949320891442
10.90121741488575
0.0
0.4229025276331839
9.284021205953707
0.0
0.0
0.0
4.682970339481884
12.791939963255189
0.0
0.5622721783154674
0.0
0.0
0.0
42.45822538634769
0.0
7.592939611838261
0.0
0.0
28.523058828645702
0.0
4.087826397465108
0.0
0.0
0.0
0.0
0.0
0.0
0.0
0.0
0.0
0.0
41.5783632958603
0.0
0.0
0.0
0.0
0.0
0.0
16.075952540330917
0.12044833877250483
0.0
0.0
6.373872266705305
0.0
0.0
0.0
0.0
21.866509859125557
0.0
2.5033109183791282
0.0
36.33149523729142
0.0
37.14386602731091
0.0
2.843418175470447
0.0
16.715186401175103
7.279502024063646
0.0
0.0
0.0
0.0
0.0
21.585837377106344
0.0
0.0
14.149029774819212
0.0
0.0
0.0
13.066922366358668
0.0
0.0
45.52571021468782
0.0
8.686153454854619
0.0
22.36827138133461
0.0
0.0
0.0
0.0
0.0
0.0
0.0
0.9413861810567141
0.0
0.0
0.0
1.8239574252429804
0.0
3.5222322901025933
0.0
0.0
0.0
14.136073717093723
9.813302161617912
0.0
0.0
0.0
0.0
0.0
0.0
4.556698266308516
4.779943967596324
22.343800538926246
0.0
0.0
0.0
0.0
0.0
0.0
0.0
0.0
0.0
0.0
10.83846268505144
0.37429781016042796
0.0
0.0
0.0
0.0
0.0
0.0
0.0
0.0
0.0
0.0
2.148572518265624
0.0
0.0
0.0
12.942449516835325
0.0
0.0
0.0
0.0
0.0
7.490535203359926
36.4094656461248
0.0
7.506208360059247
0.0
0.0
0.0
0.0
0.0
0.0
0.0
0.0
0.0
0.0
0.0
0.0
0.0
15.101280730771677
0.0
12.285334041464822
0.0
2.882106782263122
0.0
0.0
0.0
13.76121298013679
0.0
16.71183941761886
0.0
16.25049545617557
17.753793826879004
2.731799173232119
0.0
0.0
2.5002720220945776
18.933663611886544
0.0
0.0
1.3170693903006594
14.966350020850257
0.0
0.0
0.0
3.4643042922407403
0.0
0.0
0.0
0.0
0.0
0.0
0.0
10.362033468116508
0.0
60.40392379067424
0.0
0.0
0.0
0.0
0.0
0.0
0.0
0.0
0.0
0.0
0.0
0.0
0.0
0.0
0.0
0.0
15.233047391957342
14.647559771788309
0.0
0.0
0.0
0.0
3.3147942668141894
7.462781252760351
0.0
0.0
0.0
0.0
0.0
0.0
29.921438709091404
0.0
0.0
0.0
1.33778476152915
6.667750223685516
0.0
0.0
0.0
0.0
14.0058616016766
0.0
12.277299667358406
0.0
9.188242423066526
0.0
0.0
0.0
0.0
0.0
0.0
0.0
0.0
0.0
0.0
0.0
0.0
0.0
0.0
0.0
6.905937194350628
0.0
0.0
0.0
22.172685161603766
0.600818483207604
0.0
0.0
4.008815198236192
0.0
0.0
0.0
0.0
0.0
0.0
0.0
26.40318179752566
21.04737608282528
0.0
0.0
0.0
5.996558146512982
0.0
0.0
6.199787439825059
0.0
0.0
0.0
0.0
17.206344110411095
0.7092172712568043
0.0
0.0
0.0
2.7987416889382786
0.0
0.0
3.2080149541079805
0.0
8.266610206687915
0.0
0.0
0.0
0.0
0.0
0.0
0.0
0.0
0.0
0.0
3.9533670216896724
6.31970042743896
5.257927967228028
0.0
0.0
14.81586253973802
0.0
0.0
0.0
5.0295879606483
0.0
0.0
0.0
0.0
17.461287786758206
0.0
0.0
0.0
0.0
0.0
0.0
0.0
4.548227826514804
0.0
0.0
0.0
0.0
0.0
0.0
23.451523014894462
2.1933289434392123
0.0
0.0
0.0
9.130194279417935
0.0
0.0
0.0
0.0
0.0
0.0
3.904166094775462
0.0
0.0
0.0
1.4198303814981301
14.102375788193783
21.7597162890452
0.0
16.14561431585713
0.0
13.438347404695293
0.0
0.0
0.0
9.211426567882768
0.0
0.0
0.0
30.749644180957688
0.0
4.720964960660524
0.0
49.0846656455459
4.864236766576738
0.0
0.0
7.981633628525884
15.351139337263803
0.0
15.792606189991332
0.0
0.0
0.0
0.0
0.0
17.59475583945934
5.185625046880432
0.0
0.0
13.958810865288598
7.852694020117312
0.0
1.7081549591451477
0.0
0.0
0.2770667998979235
23.16022618393754
0.0
0.0
0.0
0.0
0.0
0.0
0.0
0.0
0.0
0.0
24.153237813587566
16.491105975861203
0.0
0.0
0.0
0.0
0.0
0.0
24.9811627525242
5.897081659631198
0.0
0.0
1.2581122373537852
5.200584124888536
14.967084858957776
0.0
0.0
0.0
6.36522008808565
0.0
0.0
9.651394178330662
0.0
0.0
0.0
0.0
0.0
9.72651179810093
0.0
0.0
0.0
0.0
0.0
0.0
0.09222884488666239
0.0
23.218536329486966
0.0
5.786893520952859
0.0
0.0
0.0
0.0
0.1596666032256735
0.0
0.0
7.590147728919106
0.0
0.0
0.0
0.0
0.0
7.990127780974547
4.308179785349878
1.1471571519959411
0.0
0.0
0.0
0.0
0.0
13.902439300119568
0.0
0.0
0.0
0.0
47.08714125595097
31.862634225542024
0.0
0.0
0.0
0.0
0.0
0.0
5.88952362188347
0.0
0.0
0.0
0.0
54.22678429413318
0.0
0.0
0.0
0.0
0.0
1.1821112966113816
0.0
0.0
14.767300997523094
17.759005009696423
0.0
0.49270835900885857
0.0
32.573637482496224
0.0
0.0
0.0
0.0
0.0
35.38074774278465
0.0
3.5095115907534478
9.565313214729898
0.0
0.0
22.722577519154385
0.0
46.57665904670981
0.0
0.0
0.0
0.0
0.0
0.0
0.0
0.0
0.0
14.90442802369057
0.0
0.0
0.0
0.0
19.474688000859828
0.8922367573595409
3.8293404048992272
0.0
29.15186357450426
6.871043043900215
0.0
13.894916075588924
0.0
0.0
0.0
11.990924516298563
36.57879711202344
0.0
0.0
0.0
16.873979237648925
2.2791769212367967
0.0
0.0
0.0
0.0
0.0
0.0
0.0
12.757234146598577
16.034505772915992
8.552759103229647
0.0
2.1228828034815166
30.105790528101664
0.9052337811835116
9.503124144989187
0.0
0.0
3.2189210761910516
0.0
0.0
25.32143450021266
0.0
1.9835045407906051
0.0
0.0
0.0
0.0
0.0
0.0
0.0
12.367230356133405
0.0
0.0
0.0
5.835515316247381
12.055775284643715
6.55999465454407
0.0
4.419820806311776
0.0
0.0
0.0
0.0
0.0
0.0
0.0
0.0
0.0
0.0
0.0
0.0
0.0
0.0
0.0
0.0
18.323804808875252
0.0
0.0
10.912435068152519
0.0
0.0
0.0
0.0
0.0
23.438670725021467
0.0
0.0
0.0
0.0
0.0
0.0
0.0
0.0
1.0219021848668604
0.0
0.0
0.0
0.0
0.0
0.0
1.4130986939903352
0.06446814281905233
0.0
0.0
0.0
0.0
0.0
0.0
0.0
0.0
0.0
0.0
0.0
0.08928082580443686
0.0
0.0
0.0
0.0
0.0
0.0
0.0
0.0
0.0
0.0
0.0
0.0
9.319153383925993
0.6271912507800863
0.0
2.0646707605599914
0.0
4.713640866935265
0.0
19.861080805627637
0.0
0.0
0.0
0.0
34.822700452594404
0.0
0.0
0.0
0.0
0.0
0.0
0.0
0.0
20.69172720835391
0.0
16.057927583492642
0.0
0.0
0.0
0.0
0.0
0.0
0.0
0.0
0.0
2.61562520960571
0.0
0.0
0.0
16.3519059513649
13.994099440653699
0.0
0.0
0.0
0.0
0.0
0.0
0.0
17.12002519841738
5.056130122565605
10.283088226681926
0.0
0.0
1.8752751013972784
0.0
13.186438746842853
0.0
0.0
6.433303580620844
10.861877250806401
0.0
0.0
7.654124622687974
0.0
9.346607791171536
4.096717518878961
0.0
0.0
23.95736413161592
10.38649205645008
0.0
0.0
0.0
0.0
0.0
0.0
0.0
0.0
0.0
0.0
0.0
0.0
0.0
0.0
0.0
3.739234724506133
0.0
0.0
2.568276991310256
18.18867262062838
0.0
32.90468837989539
0.0
0.0
0.0
4.109129702318995
0.0
0.0
0.0
0.0
19.550647782815048
0.0
0.0
0.0
7.551473865273039
0.0
0.0
1.629476335925517
4.794789312304175
4.740742900236228
0.0
0.0
0.0
0.0
1.8963588201841617
0.0
20.785055878254354
4.346701836504579
0.0
0.0
0.0
