100.0
100.69520022171876
99.20748622045255
99.24001608747061
98.69118051221949
97.99569829119478
98.30395859259573
96.7961999557481
96.39743919604601
94.82066156004532
95.20923952923835
96.34973796020321
95.35883708548619
94.83740992019753
96.0714553782223
97.01388040790955
98.20779319896943
97.32479158639816
97.92175023167286
96.99540099179603
96.30470844002252
96.48772874480235
95.19461757013784
94.25772588789133
93.74195575076742
95.40711989763614
94.86814051732905
96.41220141545413
95.71758209651409
92.9165768725652
91.97055703135057
91.84921662745424
90.8988927825047
91.88721912284426
92.5828662188718
92.58063936732773
92.47677016614392
92.58446314239693
94.0636792824294
92.96484825055856
93.72257774126857
94.17642946100943
94.38518166329959
96.12010576083257
95.0961620958687
94.70979676952372
94.86817784482676
95.00423923179343
94.11825645735043
95.3362465878893
95.54714490925022
95.33452320910145
94.96611435768521
93.16664203329302
92.28484352460943
92.76050102873624
92.94695627996086
93.50992445645883
93.7213854146569
94.29005634788422
95.3711280068973
96.04088228661817
95.89925472292278
96.05093816043359
95.74316834056089
95.61523138112288
95.1399111216063
94.99561100741784
94.4557321219004
94.43932133518871
93.49237830385205
94.9815525959901
96.00875938795359
94.91762091037585
92.91368051289474
92.8121760923164
93.0037597361312
93.60690670936388
92.65971013138598
92.05203152447216
91.73684941398557
90.76257301579545
90.55942312899587
92.7703958452923
93.11768389859614
94.5280347234375
94.33517747046
94.3808156876486
94.26867578414844
95.04892731634101
94.16829714455078
93.36456025003818
93.01343667096384
92.3645596005285
94.21785150372463
95.25001511631075
96.3673723158875
97.241551856024
95.8518940809179
94.73631744812818
95.18968711593168
95.99231339002638
95.54743474743303
95.29278842527222
93.56073966296873
94.69833777315705
93.5401834087942
92.56764376980058
92.48507350678628
91.30997318324957
91.03657550514232
92.04568683937448
91.20091213652827
90.4720546903682
88.67831740591991
86.6612383215959
86.40321840034238
86.9016908042279
86.46122492681823
86.39426081227776
86.2484395660041
85.57643816296437
85.40771888180473
86.34950214617037
85.0037637305221
84.10859632208862
84.25029711171321
83.96027186608865
83.64107020567855
82.86170730557947
81.84447693314479
81.58061328757147
80.58882167636436
80.43847316875315
80.33732008309302
80.64889746481397
80.81554469717275
81.5466894578074
82.1171537824482
81.95056484342122
81.90824533834807
81.85038871939591
81.75816794403553
82.14701801337067
82.8747680259839
81.15066259995086
80.75364593790178
79.81375967839107
80.8728700711488
82.06340024812962
83.66156707058846
84.854051093124
84.60879734056638
85.99075217255512
86.45428002983847
88.65855985732787
88.25939682234603
87.36773637348591
86.25983590048416
86.20573797445336
86.56948609891764
88.0609223056895
88.2628624159013
87.55213017829863
87.19077539112084
86.32355196726475
85.56717376561645
85.38256726433616
85.71603078371383
84.56557636667736
85.79913445037401
85.95523785744474
86.58419144490705
87.37559059186722
88.54899658388217
91.77447916220993
90.74969589263337
91.35364500575845
91.43349776930698
90.21045722483008
90.55276180529586
90.17506047680682
90.3404405794909
90.48002829468112
90.30685987998864
90.35207280042054
90.10910256224486
89.94735862043599
88.05654176019347
88.26568618594342
88.45754882043022
88.26174483155084
88.68354783804408
87.8244603157105
87.6245594641844
87.77310091317885
86.50286634538837
86.62861739353305
86.2902830678911
86.39340883478155
86.04582866980866
86.77493825262565
86.01452814584532
86.21652324836687
86.23866910812929
86.19904549851567
85.4680408245507
85.65636882622711
84.54973468415577
84.09209019136854
83.35385324736535
83.392687671753
82.24332984922732
82.81077494179013
83.75397962361592
84.28682034315075
84.91718730407324
85.11359310461762
87.07523303936793
87.9407210816258
86.57969019454526
86.8819088275494
89.72725768856716
89.02953530300319
90.57966912607382
89.1544995558272
88.57447720330505
89.33128686587555
88.46841531045547
88.93928902619969
88.6596576776955
88.23664563945873
89.65096718479167
89.94430999135182
90.89607802601618
91.86372069993591
90.48615815083333
90.0605764747259
89.89677727685674
90.36980523331083
90.27060200462901
90.55430684028282
90.07611728528705
89.01995252338186
87.8674629374856
86.56453192821881
87.93659411991977
87.36225571508217
88.42976905716053
88.6994620380439
88.15060232954582
88.73985230955478
