2.1995629620223025
2.19973804630378
2.248954909065014
2.2084076671640194
2.189912386476395
2.1668449279985733
2.2090414691221207
2.17209360898755
2.1241318473761885
2.2455446342303254
2.221482167349282
2.1725926195721836
2.193329917981403
2.173625406264188
2.234087700605168
2.2015067183104353
2.182070802109577
2.2311004144020496
2.1491203424946024
2.2269024995228404
2.1107748566535895
2.170346397851756
2.1924211984509516
2.1410360781770468
2.18137375100014
2.166772662488467
2.197053028792209
2.1880180721677798
2.137525278871407
2.173353084272341
2.149867765298774
2.1746839737324883
2.127868394044086
2.210195394963197
2.1696870740192358
2.1911688891161316
2.1326136060704473
2.113856806717733
2.1410295242948467
2.198919565064081
2.230247860008823
2.1930193335098904
2.2042299932440255
2.1068346631382378
2.1686814865298714
2.2033547279994776
2.177174994671084
2.2306397886271503
2.201580582200643
2.1670055167190756
2.2385719972642617
2.233729039885042
2.212248313618267
2.243000157190673
2.19551154815821
2.1862942289242753
2.1251873516074133
2.216451348046506
2.207359245478443
2.1453460220095137
2.1150743310038034
2.140560049005363
2.1356627059293105
2.184952410795371
2.149710776139179
2.216352912343436
2.1104789243122792
2.2153603349242537
2.197870796126335
2.2265350623139186
2.274615123095633
2.1419582714493726
2.113806731348503
2.1945388942897814
2.20271777032315
2.1748489684208887
2.1578048399808485
2.1559856687729413
2.1832368335706764
2.201344258291911
2.206770255126723
2.1874603360817826
2.257846728827307
2.142453685572884
2.1422120862835934
2.190858429584568
2.133530644495194
2.1346056367094373
2.2428649022937437
2.203094986204216
2.14100842609544
2.2540561779225383
2.1724461139383675
2.16330490359931
2.169557028325872
2.2105216055142334
2.116604754959465
2.242250797445751
2.1030665415160823
2.1975644719334855
