6.245018013537579
6.129456750477905
6.223873627448876
6.1760083801207095
6.227895674417679
6.194004463073829
6.211773150792909
6.140873896907197
6.250028994096081
6.176928001421014
6.182939821640331
6.260299232006402
6.234658027833637
6.174833761826197
6.186797961321442
6.135214047166137
6.217023968667323
6.188054597976395
6.198806733203872
6.067197993984903
6.257266792050411
6.068969479925933
6.135594491520113
6.1796752389730125
6.1840924786389015
6.169447651098613
6.135813259783498
6.160664559975282
6.160228467972788
6.219621184997564
6.220196865800309
6.130558532925281
6.086362777941701
6.21450389084817
6.19638167011595
6.183702400971459
6.161187593225677
6.204954536318026
6.215158715424139
6.138325378638585
6.145550865816939
6.199056507974714
6.1050789237290095
6.153443610058221
6.2145082923391906
6.1468021071927
6.192741517289252
6.12368241181223
6.179898993412578
6.204495384532796
6.216395175279964
6.2359603369576195
6.232746829828287
6.254866761666794
6.26506447295638
6.1754688181247115
6.204684089727556
6.110644426553493
6.214729098878124
6.200566267296842
6.160289641244583
6.285779464012786
6.171597147496762
6.186457699913079
6.195378876557913
6.146213971553672
6.189272178935411
6.18701145900264
6.132611298475378
6.155095109755039
6.235901292712316
6.169664793794159
6.2228573061394785
6.1551231344804584
6.163646961657089
6.20288758742686
6.196543560576839
6.1518259017466015
6.190498165142472
6.097095105000169
6.246084854255524
6.253376706948957
6.166262779729553
6.2329659779854945
6.207854358658817
6.154189577748438
6.16909698645339
6.206909999128326
6.205854611606005
6.181401247011808
6.135446322194456
6.207896231237512
6.167959279575248
6.2006687139390335
6.208224355311136
6.217492680950315
6.149412629018953
6.270988153406365
6.204736843200977
6.271568265122765
